-12.0412308801
7.06574609292
6.60438242795
-4.53206811139
-8.25918194305
2.44335886503
3.57720549065
4.71739762037
3.85006242055
-11.7136052199
6.20810436488
5.98887815536
1.47234774528
-1.59757499237
-9.97414316033
2.20643166536
-2.19888620516
-5.65674252583
-3.16301628124
6.05432690326
3.2333639505
-3.54751716452
-2.244986943
-1.54331742485
4.05230804904
-2.51011490254
-3.45920432211
2.29508366966
2.77040158779
2.25159392937
-5.35225083035
-1.791362733
0.862888289732
4.42564267133
3.49232771537
1.7425067088
1.40196384825
0.755158330799
-2.5815723999
-1.37001804893
2.19232834252
-0.795993076949
-1.65833752733
-2.86831890891
3.3296598021
-1.15563782202
0.700514143929
-0.964986904009
2.72195575956
-2.88845296218
1.51636154275
-1.94784342249
1.09121157282
1.04133779508
1.78842377203
1.59796508453
-1.2116249062
1.6272924744
-1.04406298561
-0.93691953715
-1.73679964634
-0.764322806545
0.513735952674
1.1300631534
1.11262134959
3.72286302452
2.65027653757
-1.69572820842
-2.92870708089
2.57951262922
6.48735937058
0.554501321122
0.460114021653
-1.23578149166
-3.37037060801
6.27353065147
-1.46394868828
-0.750360345869
-1.06384948529
-2.64425934906
-2.91330598435
-1.47595969353
1.2468631223
-1.40626857089
4.06680795912
-1.81800099597
-1.38513422986
0.803403785111
-0.53503064532
1.6069217487
-2.43510982188
1.06354231964
0.662417294141
-0.979388418506
1.2113257615
-2.29546828172
1.44566489266
-0.59373732905
1.3399525044
-2.50227861043
1.03061848925
-0.400579777542
-0.531066820347
-0.959114483341
1.12027610819
-0.996545021579
-0.573577630706
-0.375868934587
1.06033857305
1.05797691888
-0.78269809212
-0.409328805686
0.7936963305
0.802436620026
-1.23422751498
0.746867184032
-0.66741049435
0.469114425285
0.267897673782
-1.20624639344
1.25814638293
0.590951489607
-0.668580351419
-0.447346753168
0.851913426235
-0.740230135043
0.613817130491
-0.314454315377
-0.834458207491
0.49719432797
1.73339878398
-0.687860933378
-0.207531316651
-0.786017915733
-2.15077102637
-1.53389744363
0.202081023558
-0.185601778467
-0.209741238095
2.2498440215
-1.63528163633
0.327222042069
-0.148824956466
-0.606965951282
2.48582084161
0.668251009604
-0.570384126891
0.427985821782
-0.564517357856
-1.76709783214
-0.656367471142
0.526553290225
-0.241441720646
0.535488098505
-0.485178301226
0.598470764219
0.416699797407
-0.125004529684
-0.285446898478
-0.742977236291
0.844892499725
-0.399633449872
0.256140534317
-0.843695328345
0.825143604133
0.357836805809
-0.124688665917
-0.147387524264
0.447126613092
-0.517094672153
-0.430377206587
0.212385233336
-0.131645924878
0.377565169149
-0.428693769335
0.28502143088
-0.185696404601
0.281293377476
-0.391730526629
0.533479002015
-0.454446324846
0.219535134428
-0.125267685622
-0.134146106633
0.571004405756
-0.509321280641
0.263317251373
-0.244418806903
0.238978500263
-0.33503500722
0.251002312008
-0.123635035728
0.13457047366
-0.309131262373
0.332913133865
