-17.2962285757
-18.7856852561
7.11162388133
18.3308444709
18.9939765002
-10.3927829747
-10.5896264602
5.63747966375
9.45985831171
9.19461977664
-3.1497482499
-3.06041182075
4.29742882026
3.49250297992
-2.0195478027
-1.17917800769
3.37053246881
4.92647510938
-1.86741196625
-4.00999567241
2.72375582173
2.95333147741
1.83616916112
-5.04702632993
-2.8041946658
1.35127517869
1.24965981362
-1.63502314024
-2.44144442078
2.21531124873
-0.830725521081
-0.690330722189
1.71576302678
-2.48557907622
3.56830545461
1.23706155115
0.522397400308
1.47293102016
1.81669399764
-2.87794080084
1.14029743353
0.726282310515
1.53363565086
1.36487570089
-3.31244545359
-0.586863658923
-1.09688271225
1.78834671878
-0.707764972515
2.47018764302
0.913802470972
0.700161522462
-1.73920310289
-1.08687303678
0.919644755765
-0.492682332187
0.430057924165
-1.06901015182
1.30116225305
1.657292138
-0.369383026898
-0.714282796725
1.94838426079
-0.981222866771
1.01803128984
-11.9086520529
8.16658265896
7.25657484131
4.89939804642
-2.36965778616
-6.95008593484
5.17193442776
3.98616694582
1.87549480961
-1.52520676754
-1.35064373216
2.59699573403
1.04907716207
0.774987605558
-0.726574443368
0.509217063995
2.42661776871
-0.973809449924
-0.740952609969
2.02471947372
1.80257050096
0.780398129172
-1.42687015522
-1.1736469547
1.28437862462
0.320711507541
0.304779108815
-0.740004632203
0.695374249924
0.975169850559
-0.849748616101
0.612225411613
-0.811443743747
1.18950182166
1.19236282493
-0.614672071235
-0.41775345634
0.684202177746
-0.956886165394
-0.858464097819
0.937210113695
0.384499125572
0.590029422654
-0.511695365808
-0.61066402712
-0.511911538653
0.504852539652
-0.661578935997
-0.519785509061
-1.16477597922
0.461176829195
-0.352607656254
-0.879620392418
0.440698639235
0.656147204201
-0.305853290381
0.342546220856
-0.613929948646
0.666590968572
-0.949590791794
-0.233410649148
0.645369427658
0.914328637354
-0.325656296706
-0.34272213518
2.96445113077
2.03153976453
-2.00121089991
-1.22245692149
-2.3573795905
1.6918188165
1.37357818312
-1.12980384131
0.681298657793
-1.16763358249
0.405365335397
0.650054451794
-0.761603570991
0.363034313521
-0.334416664007
0.290922764718
0.496628513693
-0.732230058069
0.198438397601
-0.777645647079
-0.50432133023
-0.322114958288
0.456957955646
0.547734841057
-0.305634398642
0.186395613411
-0.131211809985
0.250398205819
0.273234381113
-0.263728861531
0.225533383113
0.210000407273
0.373798357842
0.289146379838
-0.522956873214
0.285027486012
0.213221401369
-0.232195683886
0.205624621426
0.382301812468
-0.402469091424
-0.171179943261
-0.181830565258
-0.149497859025
0.417308844001
0.326420205232
-0.137376127071
-0.234996530947
-0.14653053578
-0.508799908223
0.151016868443
-0.274190446402
0.364975609623
0.215283756306
-0.210226304167
0.116883504868
-0.175043968696
0.17946253438
0.242268149643
-0.278017643959
0.0884677039352
0.198373080737
-0.300018548316
-0.166049524721
-0.159322715217
