6.77342445445
11.3387039432
7.16500497636
-2.36773529211
-12.0128885505
5.81061819413
2.52501792676
2.73818100165
-4.34119505482
-4.73186867797
8.029741301
2.20013842189
2.52233853947
-6.12695045921
-3.95773978682
-1.90966789452
-1.69285437331
-2.32298595828
-3.6531265413
2.39997867801
-4.8297699297
-5.63840573497
-3.43007001444
3.78252783826
5.94838743495
-4.21819022275
3.04558602795
2.20412476589
-1.75169527983
2.09076694102
-2.71802204217
1.0632800149
3.04792427836
-2.01665544763
-1.32472343596
1.08989352484
-1.39344703574
-1.88812028864
2.26461859988
-1.65677970728
-0.328021747764
1.08133040326
-0.847877926241
0.611735398578
-1.93457863397
1.23801889422
0.998577145148
1.22413805075
-1.91831908843
-1.49055161968
-0.384400936073
0.706150356427
-1.25283267059
-1.31414277776
1.59301238869
0.993333456053
-1.25282432562
-1.47857507963
-0.823419209437
1.24182810624
1.14679083607
0.807248270104
1.11740215564
-1.30879418736
-2.25491797474
9.61579068652
2.28263974436
-2.57533236938
-1.57007785386
-2.79539313697
3.70501814874
-1.43292249709
0.928606556605
-2.62200644153
1.20212956115
3.46728976808
-0.961440136511
-1.46301186209
-2.86163263725
0.891692419542
-0.906039430063
0.885179220954
-1.55894153226
1.87624240868
-0.811871397491
-3.88209323614
1.05970010884
1.23400632838
2.63651290763
0.879034625837
-2.08473638294
0.830329001032
-0.853436035445
-0.669552129716
1.04339320335
1.02068863245
1.22465816962
0.992322131733
-1.69269500897
0.340351685504
-0.480045078627
-1.12250096338
0.725964997775
-1.73851352583
-0.934096113987
0.342358411328
-0.683064936902
0.609336281621
-0.890030017136
1.00510288459
-0.762810977087
0.544099230605
0.469957586608
-1.44819848734
-0.60506545143
0.54527564625
-0.286001183416
-0.494129813373
0.689456425738
0.324213072361
0.534084633151
0.847459963776
-1.11095606971
1.03406600396
0.602335813486
0.386692489903
0.224172937121
-0.462457650454
-0.558546607451
-0.614922102018
-1.72445635934
-0.96556083027
0.880523482787
-0.775832757242
0.616613545093
-1.28706289669
0.375970510035
-0.887653249534
0.95603400067
-0.461816429865
-1.66469593259
0.347714133947
-0.82984888537
0.723092007396
-0.291832797022
0.255532706256
0.243676228187
0.638468780271
0.658534106035
0.168093025938
0.929812539593
0.371465917124
0.637647118941
-0.439369570448
0.222601087014
0.993248991705
-0.350848009102
-0.312805093289
0.326955223531
-0.389174588755
0.219409800581
0.219824859283
-0.397612251746
0.355515345424
-0.152737269371
-0.242896247266
0.127083217836
0.335033272453
-0.50863863038
0.553764169394
0.144718132611
-0.255343294589
0.323100304631
-0.222169019133
0.354038989708
-0.472614813509
0.260430761673
-0.479539018487
0.342802712435
-0.293391067575
0.23628104723
-0.165344366087
-0.102434795475
0.173231839024
-0.349085892731
0.278828556608
0.347778562869
-0.489604008371
-0.194560938266
-0.144056282205
-0.152953412928
0.0933094896171
-0.164603934841
0.290783841354
0.290613238857
