-13.0092784945
-6.99865833586
-2.65512721107
9.79809259288
11.3387861146
-6.42576441999
-1.60697570836
2.33126015356
2.76025240007
-0.987701775259
1.96733851101
1.39688394297
5.01690016574
3.51328591535
-4.86582878313
3.40977978677
1.83872981716
1.16911553331
-1.20990616883
1.45529283889
5.43526969345
3.7135310398
-1.98873670053
-5.10144889066
-4.36401992993
2.14349559207
1.98694687072
-2.86095000407
-2.71120795801
2.63944162917
-0.85601636348
-1.64578265154
-3.56789941475
-1.93145840868
2.92776259319
-0.171778308905
0.919611644666
1.83478536902
0.912195873705
-2.27283332972
-2.48481232346
-2.24797990865
1.61066591399
1.20196945562
0.355243467916
-1.48493815697
-2.36351824855
-0.816061914579
1.21478306996
1.34707382468
1.99069120293
-0.868928856107
0.500361529069
-1.02195892098
-0.93408211389
0.649363333037
0.595118430617
-0.695097308017
1.03736504783
-0.523271354248
1.10538560477
0.684005709317
-0.958242148405
0.837344214164
1.17092198424
-5.40840738998
1.90284033793
1.4917302405
3.26791647555
-3.47015736656
2.23444917913
0.935961083546
0.792485317581
-0.845196946336
-0.720965425301
5.1136941279
0.764610205405
1.21138414967
-1.61443780546
-1.39208953067
3.75174582139
0.699270996936
-0.641211604785
-0.467485930279
-1.7141886352
0.995628967252
-1.11820857009
-1.51866100577
-1.34501106335
0.8534583364
0.807883518466
-1.30454275406
-0.600993906413
0.968440919733
-1.16659757922
0.675760321225
-1.10483925724
0.818220503033
1.58778354698
0.773088722725
1.24424913081
-0.438561820923
0.727765758288
-0.416211311068
1.52194005419
-1.202690454
0.720516148285
0.601664501469
-0.736403828629
0.876906671173
-0.837535054634
0.48875558796
0.391039401072
-0.580957828094
0.359911590725
1.25159335701
0.522002138143
-0.335614497987
0.582748197696
0.592575744549
1.04817878812
-0.492857015018
0.402164281401
-0.578517974215
-0.177957222216
0.693183217413
-0.566390145442
-0.236190551757
0.437361710995
-0.668181029019
2.02042294997
0.759453727202
0.629389447023
-0.660247564336
-0.726362757879
1.01166589175
0.285608108313
-0.220814462881
-0.260907610723
0.135270616631
-1.37399432994
0.227499669804
-0.470338965651
-0.269851392947
-1.03250083587
-1.09693571238
-0.340384127254
-0.259361169359
0.0901849460185
-0.712184760385
-0.734345060448
-0.498103183547
0.463724914728
0.388808386808
0.404243079866
-0.315835238017
-0.264732904077
0.325166334435
0.216328627539
-0.393803261887
0.406658553161
-0.299301350671
0.508152355703
-0.342982946095
-0.411652010534
0.376799433684
0.287553169056
-0.26879085877
0.0766579824432
0.39640708925
-0.431811565142
0.132486232716
-0.329488860828
0.210423098772
0.303264901883
-0.233774839345
0.227293141045
-0.163525049315
-0.181463443708
0.110962947444
-0.48548044832
0.2155699824
-0.204742636822
0.217344262193
0.22920363856
-0.30038154732
0.12176527681
0.155302855335
-0.223984675503
0.186330299272
-0.15973357108
-0.162095050886
0.120048422964
-0.216161579783
0.164402528857
