-10.6202445859
-4.65089651867
6.01975105195
5.75544206354
4.61775161705
-4.60319435261
2.80046170368
2.12824870045
0.868210736172
-1.74622072387
3.91736389902
4.91170848039
2.00002024922
-3.30820748082
-3.41075802667
4.77944491368
-1.94532549084
-0.703600083593
-2.46836600015
-1.4691862477
7.97782365458
1.19419553311
-3.10066943954
-2.48213049405
-1.57074759959
-2.59309689638
-2.54769718358
-1.47429904218
3.35320196632
3.00009431657
-3.92411174055
-3.37913869483
2.00713884757
0.703616004787
3.82314053639
-0.717557720461
1.93632836013
0.942773298314
-1.57157010003
-1.61217828553
1.57731326403
1.23293879016
-1.75605829269
0.863786983994
-1.0104630176
0.393257939231
-1.35466125386
-0.771837896381
1.04403577089
0.946768965947
1.25985080877
-1.16450775244
-0.823023359048
1.00938186588
0.473024271834
-1.26891887432
-0.847093067983
1.535454007
-0.418747197222
-0.889763575713
1.19015869471
-1.43258822248
0.850484143009
-0.509520560296
0.748630121126
-2.18542879503
1.76321102803
1.97547895954
-0.568845223244
-3.20123611181
1.52364071216
1.10065356802
-0.709834468166
-1.0197107613
0.873905820768
2.10749890645
-0.771838297993
-1.22572983128
-0.860368628636
0.591164064603
4.1610236561
-1.33979988605
1.16250117723
1.35458033083
-1.82482405619
4.05907150808
-1.48003066788
-0.9465036405
0.623907688738
0.467591263666
-1.12568327401
0.558974612583
1.06448793982
0.913248284361
-0.621091462578
-3.22448577778
1.36157599221
1.52941422033
1.5708082204
1.29428993722
0.518090487602
0.651413422325
-0.730996765992
-0.95879072745
-0.676287594722
0.534957236569
-0.767693118547
-0.764880190327
0.598685526601
-0.534589455731
0.341654643067
-0.518365596626
0.865145913964
0.553892917975
-0.352280409187
-0.706007285513
0.2558115817
0.48572423153
0.61584238182
-0.351978788357
-0.722920801631
0.67104878739
0.551029176951
-0.428870914838
0.531868027638
-0.737079722181
0.80749018784
0.811774486232
-0.510960454414
0.271391843414
1.41410749608
0.0934982516195
-0.590433970372
-0.343871365522
-0.741042560429
1.03498577105
-0.452622009046
0.226121281142
-0.229863232459
-0.759388789199
-0.639641597692
-0.497824641187
0.250604970574
0.170965050311
0.36288317331
-1.44472611042
0.625575265819
-0.579969854861
0.591769099051
1.07655886579
-1.60633722957
0.415931859206
0.361589961514
0.209552599834
0.988258904786
0.457593043615
0.137139046883
0.229446892311
-0.277546347802
-0.381463751564
0.873422706855
0.315052292674
-0.526893221124
0.55564241045
-0.74327311006
0.242753802445
-0.345602547079
0.172932223747
-0.288177965062
0.199077582556
-0.277328110707
-0.240430252702
0.347448528637
-0.283318745583
0.289544276972
-0.215005059923
0.345877877647
-0.246068244699
0.166713651949
-0.173439415526
-0.340656312572
0.240454716803
0.175227941706
-0.205483705081
0.184998095138
0.303004235564
0.182923787657
-0.286371255138
0.161725373385
-0.261391076998
-0.266296763207
0.345445981063
-0.330683735162
0.186562128167
-0.124275278611
