-16.401434536
-12.5452259359
-6.18656251047
14.6251129143
15.788795481
-10.3687917178
-5.38039328906
4.63938006029
4.34088337402
2.8373169773
-4.18936406527
2.70843122593
4.35913713073
2.6268402914
-5.67422364112
2.90664339771
2.97292021383
1.87426471282
-1.57499823835
-2.74131953947
5.9896483242
6.49093043012
2.63676901547
-6.55319423036
-6.44458996003
1.63149343773
-1.64805701825
-3.71507561615
-2.86886512469
3.66401383108
1.63649868988
-2.3880198754
-3.59799978379
-2.23445152521
3.21372912788
0.711059328194
0.356781579529
1.61357209941
-1.16878685597
-1.26589193374
-1.09803573063
-0.535818346297
1.55638192534
1.22783750001
-1.14467839686
-1.52276869078
-1.41622837566
0.852710868453
1.84706763479
0.952073005549
0.663665586593
-0.999921676637
1.76148537628
-0.755250468314
0.356561089264
0.635634901762
0.622902396251
-1.26369072215
1.69365662589
-0.69735733909
1.47090903465
0.75170719385
-1.11439321995
-0.92249621366
0.493307949569
-5.04863721402
2.14143999313
2.92330872239
2.50513083404
-2.7531217834
3.78632146412
2.20193399061
1.14792140091
-0.939929524689
1.00689960935
2.50439429469
0.905259054229
-0.947711574991
-1.58744856875
-1.64013486226
2.27894875566
-0.454476071501
-1.17937120408
-0.746026623083
-0.544239902234
3.49764344863
-1.46751510809
-1.66265203124
-1.58505217959
0.952005122004
1.13665293245
-0.964978681748
-0.702152912783
1.9333017631
1.02434092688
-1.00797630201
-0.940832028527
-0.529568981063
1.1847296135
1.17790456122
-0.368224523489
-0.45711910665
1.0036469481
-0.772810900164
0.452250028129
-0.473008571527
0.388005951087
0.546861437663
-0.525204064144
-0.698793203515
-0.43109073751
0.622275359993
0.651935859833
-1.00308748962
-0.366777285182
-0.316915354369
1.09574057154
-0.772604480481
0.421715906624
-0.33580794319
0.673109777387
-0.62191125411
0.730104146402
0.539438901387
-0.533593731977
0.759872952119
-0.677363716063
-0.432369918132
0.541844507991
0.236884041353
2.39824353998
0.898266252044
-0.313770814757
-0.846786816771
-1.01328991433
1.49159787522
0.850845693007
-0.395099033397
-0.245554337287
0.48670728351
-0.701568729214
0.440526967669
-0.443266131848
-0.369063852945
0.542098111958
-0.634219372517
-0.34878439065
0.434420866774
0.185575217916
0.167198104183
-0.897209380154
-0.600309113009
0.27203607763
0.398160936161
0.236103389238
0.412163341064
-0.421063956654
0.367320124557
0.424839017148
-0.342789923698
0.446787868947
-0.361044905217
0.269696850066
-0.239918620107
-0.22793310338
0.150603837278
0.201471783524
-0.427756571045
0.280976993218
0.136330222263
-0.226959665548
0.129336432977
-0.268016375452
0.144946797976
0.300346571989
0.160184471199
0.131651240879
0.174125548579
-0.339693029341
-0.224049985302
-0.271675954361
0.327187045766
-0.467086263005
0.197890977053
-0.175460569994
-0.228294382508
-0.177771919515
0.304048412741
-0.284641713912
0.175721100246
-0.299817042072
0.176534009431
0.224523706958
0.168462597553
-0.0804337857155
