-19.2397373984
-11.6735872638
13.8128919746
16.3892622696
5.08514616791
-6.78808250487
3.76865991895
4.63545964989
1.82106302452
-3.18663782559
6.45302856184
6.03565659606
5.08213575135
-4.63512551118
-7.55594325524
4.37235564669
2.74669976554
1.77837564631
-1.95863103894
-5.50749163116
5.2291448209
3.94765210554
-5.41998711026
-5.44062167741
3.64134470415
-0.653391957793
-4.02382751474
-4.57111108924
4.34887982181
3.54706556454
-2.79084969075
-3.65126496369
-2.35411474807
3.29893145973
2.42603946955
-1.01240212711
2.9312653451
3.20349472748
-2.5157892413
-2.27218263506
-1.79983157787
1.0202402394
1.29986787611
-1.01454140462
1.8715688499
-1.29813052366
-1.60876386625
-1.80751962016
0.955703151541
1.76033750559
0.459131569869
1.07560393978
-2.80451247809
0.953827721165
1.63161725203
1.09916058368
-0.789292832068
1.19336786975
0.429535271961
-0.691774973324
0.787247756809
-1.4229151867
-1.12477828596
0.88369228998
0.84443473216
4.76807505134
2.89187848012
3.16346774658
-2.89465916689
-3.44681203504
2.67271066739
1.27225391224
-0.826600042782
0.909957651428
-1.99015073978
7.13080208127
-0.69125033604
-2.02581797429
-1.11062954689
-2.19647697916
1.87289560228
-1.29157861442
1.17161719593
-1.11171443804
2.43213469024
-0.702448749153
-1.22222370434
-1.51737340951
1.34165667568
1.62609318792
-0.402066695151
-1.29199914305
1.91512001751
1.34847066991
-1.12700778834
-0.766410970974
-1.23455237439
1.37350659175
1.24219585545
0.856814078175
-1.06487019036
0.562132789783
-1.03000387442
-0.459712960442
0.812011504547
-1.03905115053
1.05201368077
-0.870707329655
0.553734793735
0.866703365386
-1.11523983464
0.499909806044
1.43246972546
-0.542935340326
0.619751321802
-0.788261632896
-0.813887807759
1.04472119827
-0.212696661637
0.825854075319
1.23850553727
-0.775509391667
0.456929871528
-0.488586486653
-0.774161611234
-0.611880860724
-0.585280107057
0.636768492766
0.406001865447
-0.286218876691
1.97182225678
0.77101849419
-0.470292245801
-0.715934773673
-1.69234376345
0.762326050562
-0.375296955554
-0.463416623359
-0.342355526922
-0.515055940464
-1.81051695958
-0.423869464103
0.273126958248
0.307178226587
1.73693743124
-0.641665885223
-0.290958267161
-0.497668252485
-0.328651365445
0.664395964034
-0.424755053368
-0.427150243831
0.376764031483
0.3289394328
0.520712468478
0.214274602483
-0.205253370818
0.587164398499
-0.579947470176
-0.271974270749
0.330642529961
-0.495647760939
-0.472694500231
0.439866816154
0.315858292403
0.231425592857
-0.226292544059
-0.327436752551
0.174885407057
-0.172312455876
0.252653077997
-0.20420256467
0.326062259238
0.275680084775
0.309140103393
0.258663167041
0.359840938495
-0.528501269164
0.221744781263
-0.486351931347
0.193773776175
-0.417504831012
0.453834731935
-0.281404655539
-0.331873950471
-0.245640565044
0.274693737625
-0.160851367328
0.127245052465
-0.366298524234
-0.241910323152
0.237594847914
0.260056626744
0.158168470339
-0.124194087573
