-24.4626386237
-13.3076974313
22.1514971056
22.6888447729
5.55658090202
-12.0112996235
6.63793173559
7.82564597123
4.64075214841
-7.72280359922
6.69280459306
10.2208946524
7.78526415446
-5.41624372349
-10.2758179023
2.21545794818
2.72316872644
-2.89751872979
-2.6641177353
3.95789703154
4.83709797707
2.84484620737
-5.46652418582
-5.00604509987
4.92630791718
1.58187189629
-2.43657012391
-4.11184616071
2.81520407946
1.90702385929
1.28116488092
-4.28676335918
-3.75344238264
3.62483426525
2.53354554041
1.4246255739
1.0587196262
1.47237068687
-1.65025742231
-1.28214668581
-0.481240468999
1.28020256537
-2.43025194782
-2.13961486599
4.02365256842
-0.739988844465
0.454040708654
2.87395519692
1.27810139824
-2.13617912728
1.12983580533
0.81518611918
-2.24659237055
1.11730272218
-0.980590020821
-0.510254562369
1.32990477993
-1.24667824284
-1.34866922806
1.45949059998
1.59333189295
-1.49054154317
-2.23533247071
1.56771985665
-1.16678450461
-8.73312819317
3.36116647952
3.52849822191
-3.61285437659
-2.83479390706
5.57884793415
3.31689790103
-1.34534303279
0.702399628008
-2.92515273633
5.18973225967
1.73888463422
-2.96781110047
-0.771043789478
-1.92617951154
1.99666400462
-0.999695444058
2.00644195311
-1.52255964447
2.57701224588
-0.986858128364
-1.81286408927
-1.04565734637
1.48162269194
2.05080018244
-0.768916869697
-0.629712842713
2.09812413169
-0.618290785918
1.33542244554
-0.975133847265
-0.869654627793
1.52030072119
1.0362675894
-1.44398176362
0.811295622342
0.64201163645
-0.544365378836
-0.657199684931
0.759243736624
-1.78947451351
0.740613483357
-0.930808808135
0.50345507389
1.27373552889
0.573182611366
0.44748502328
0.834654477393
-0.506991911931
-1.15027362111
0.653383117956
-0.469584691939
0.916521745039
0.528788515083
-0.512617357778
-0.478237605488
0.476233642031
-0.725966751857
0.47167216916
0.766083399525
-0.670327451704
-0.486114322169
0.812377203321
-0.596921548691
-0.546304440687
2.63735764674
-1.19011165208
-0.657977794889
-0.812604654987
-2.31378367853
1.43094672695
-1.38512158057
-0.409946857999
0.38545879974
0.794678592436
-1.42603819484
-1.201258902
-0.666942452426
-0.445860003933
1.56543720743
0.404022329778
-0.659057938418
0.794114684859
-0.483602558663
-0.822269695137
-0.605251467719
0.424344547279
0.324722389266
0.621515878123
0.718264974397
-0.169879689933
0.175278013931
0.809420378973
-0.529248896829
0.623221410224
-0.341713288065
0.317520632162
-0.566790748108
0.512711912973
0.29029752985
-0.255614632419
0.167803853645
-0.271205889137
0.222430092203
-0.260052940143
0.393718317614
-0.147341697203
-0.417855572873
-0.250055437656
-0.469641351206
-0.282215958211
-0.124865455307
-0.391892712197
-0.267231183
0.262721078113
-0.17052830888
-0.139378045703
0.348564667979
-0.326175581302
0.2649316425
-0.163152137233
-0.19447063959
-0.244530184044
0.259028039374
-0.280718281609
0.237099880711
-0.170335174862
0.281377294681
-0.156829590007
0.247153400247
