-14.5560398521
15.7108186616
14.0896000866
4.37858434677
-17.288656763
6.63920212013
5.99461964418
3.7638898214
-7.56089336155
-8.60626501065
11.3148912656
7.93328693096
-2.73121630173
-8.63068171397
-6.0479297613
-2.91962538426
-1.96397786643
1.39428120544
5.54200551418
2.03401322173
-4.94817661383
-6.55631869025
-3.55322153283
5.77228516186
6.36891215633
1.66667338043
2.53594442142
2.76825316372
-1.52435051846
-3.87898505021
-3.52038134762
3.46666529295
4.49297097557
-3.16959283789
-2.9627654486
-2.12895620388
-2.21220708231
-2.92113830872
2.2651216097
2.80434577805
-1.2730835421
-3.02575768222
-3.16088458251
2.03282947631
3.5246574629
-0.616172668935
1.12848488965
2.49628167739
-2.75044822162
-2.01679089182
1.48435014279
-1.237508266
-0.977479709171
-0.444445159431
1.70558154054
-0.744936431791
1.21520463518
-0.731257129691
-1.44464832711
1.74791753779
-1.94335499225
-0.885321582088
2.32461421825
2.19442262072
-1.60128041292
3.63095516007
3.59182322515
-3.6877418078
-3.12367556905
-2.64642383964
4.20042887684
-0.728426523062
-0.500871101508
-2.54667225582
-1.07607718584
5.79596714082
-2.41445649229
0.662404655259
-3.67028057017
2.05248073142
-0.98827003591
1.19422457583
-1.74267761591
2.3788018595
-1.1342471809
-1.81848530194
1.05980506505
1.16030449695
2.83239962826
1.70140857253
-0.888719705118
1.72216002801
-0.295689065987
-1.20957046877
1.70257718776
1.83250412971
1.91561531344
1.01133279247
-2.9598519712
1.26866414346
-2.13167842182
-1.07767785987
1.69516411331
2.29741138725
0.966739650318
-1.93435184394
1.12389393215
0.787007757356
1.32455154757
1.22093787454
0.570876367674
0.747627098349
-1.5696664676
-0.954772625079
0.755564354197
-0.646786231926
0.250549286601
-0.535047375594
0.32862507536
0.482598844637
-0.852044109136
0.540537974372
-0.546133827902
-0.728343713385
0.591249280521
-0.539732753073
0.487936003834
0.596920439265
-0.615534182157
0.857124001864
0.55977795871
-0.869826732892
1.32957753027
1.04106220996
1.10392520313
-0.851770887297
-0.200096636898
-0.333672774199
0.778850294163
1.14330688769
-1.62441451513
0.64183298718
-1.02451571195
0.93634578316
-0.772487127116
0.545623652934
-0.292336737591
-0.48950207281
1.03036986885
0.321036345759
-0.380053628721
0.39522223013
0.501082396973
-0.750299387448
0.629846870074
-0.258842239747
0.468967724339
-0.243495549857
-0.575616687006
0.843695338036
0.65162518076
-0.727735767954
-0.790670644651
0.721643662277
-0.371321187533
0.670076799321
-0.273291311523
0.702252444099
-0.599344012015
-0.68512345756
0.60194965322
0.57813972938
0.332664026663
-0.353425869019
-0.395302265563
0.259834642084
-0.229396853635
-0.475583983791
0.228124051521
0.234782166913
-0.17672719164
0.170916133677
0.0878684653892
-0.136727578632
0.146862449397
0.332206956324
0.186233149915
0.175090430093
-0.289199421533
-0.273966611903
0.26188568679
0.211488738621
-0.174342474779
-0.277444098458
0.363435859102
