5.34859637632
5.93095862571
3.33004883476
-4.48342973343
-9.2024358431
2.58019678077
3.35897286378
2.48048021399
-2.32124581729
-1.71398667216
4.34960407763
1.93581155466
-1.9064719537
0.909441388396
-8.4144965947
-0.749027168047
-2.06359037699
2.16615922222
3.04864728785
-2.09947701787
-1.89657791717
-1.83680021539
-2.16869611813
-1.98445374475
5.27493442775
-2.56794164428
-2.1222106177
2.24383961791
2.54858655582
1.70779501797
-2.32325478365
1.3280885722
2.27100747391
1.88758294789
-3.3059642976
1.06357500676
0.965545617714
-1.61437719298
-1.61659441533
1.33628842529
0.339750139368
-1.87271615317
-1.48299152837
-1.49608253103
1.77131498334
-0.410677438487
0.357366787654
-0.437309019013
1.4164922532
-0.94003240007
-1.01232643627
0.674887306014
0.914422462882
-0.783462300948
-0.888699394782
-0.955336527581
0.552965568731
1.62470304618
0.941954818683
-1.27666816919
-1.11691920734
0.362217087759
0.853694795679
0.466805106699
-0.44376916105
2.49927654685
-2.35012032977
0.74167399799
-2.953122761
2.86127694555
4.91179211904
1.55255017371
-1.46327027001
1.2218184716
-3.30341476695
5.86897877108
-0.41911911839
-1.21076384948
1.03530597544
-4.53158099124
-1.0041875209
-0.405980607551
1.86268526544
-1.03352350403
-1.10655065303
-3.04445964516
-0.376510130273
-0.647329171103
0.953762750463
2.1046825584
-0.738819371398
0.679897650453
0.731201960848
-0.832851401863
-1.15279542775
0.452203466161
0.826311462611
0.495633702121
-0.660657159932
-2.40137381053
0.334682691041
-0.609474889695
-0.740680013552
0.367275688443
1.02195636008
-0.839388718833
-0.969078519115
1.07788589523
-1.13496028561
1.02589329934
0.218211193076
0.237305479212
-0.404325117253
0.764669615413
-0.768485875321
-0.720668852603
0.289562183272
-0.503796436666
0.544555948458
0.658855331859
-0.966293223825
0.531039062755
0.490664619148
-1.04234092584
0.89337946934
0.480408810009
0.166786252863
-0.237703940012
-0.20119167297
-0.455287133874
-0.635682502124
-1.21234921915
-0.883104175204
-0.751795763169
1.48200369772
-1.22189432539
0.684981780848
-0.75395511093
0.671272185403
1.29496142232
-1.72291212155
-0.197911182773
0.534181762719
-0.776342716916
2.13161142522
-0.316747776334
0.364436894528
0.567166468249
-0.641746847011
0.571071861858
0.795422752337
-0.200705928949
0.215546211704
0.345935343252
-1.28728555089
0.361712982643
0.130887769474
-0.281871655422
-0.268688862723
-0.308358176998
0.193013907528
0.123618049872
-0.27262519671
0.242589047377
-0.591304966416
-0.0668921907848
-0.205008371677
0.192744817102
0.245874963987
-0.333337822573
0.179084493314
-0.252265815055
0.511741103586
0.540213396237
-0.466320504543
-0.0786441087863
0.029545382727
0.212510763921
-0.383288872683
0.272370774354
0.22277986235
-0.134162659854
0.232750528866
-0.27802229458
0.172124149344
0.287079198293
0.0942031200872
-0.383251386247
0.369935578652
-0.378212850882
0.179671267067
-0.112509002495
-0.105348578232
-0.0920270724231
0.0492041001883
