-28.3989863965
-10.8771879326
11.5845153298
10.5450860351
4.89872135371
-13.2903313833
2.76287982877
5.25414841828
5.5614798831
-10.2595062283
8.17795520245
5.08202576135
3.30709830935
-2.98163853425
-9.18092483679
2.42917870581
-1.64574568599
-5.17331990727
-3.98978692313
7.96645669606
2.49753465821
-2.23357523902
-2.55376904494
-2.20803031289
4.12976467037
2.4235026359
-1.79842109688
1.92047897886
1.93245434845
1.75602776939
2.07804505042
-1.79012282397
1.16232563089
3.92488632336
-2.66916635644
1.1666487028
0.930579814518
0.896169651424
-1.15786531265
2.06131346875
1.12288611233
1.33742341934
-1.30788897898
-2.33709805812
2.90970407014
1.57696522479
1.84816182539
0.458582437651
2.36808037332
-2.65053569345
1.68017063989
-0.803117359644
-0.560488960777
-1.76000262075
-1.26009407054
0.847284606166
-0.821501760368
-1.03570549025
-1.56098364219
1.54469564932
-0.737863405084
-0.494486369377
0.609973311938
1.73551996633
-1.31867021716
9.18431648403
4.59713710601
0.816910181036
-4.23958973147
2.68746876119
5.58761048989
1.11976866669
0.57884587903
-1.3144768531
-3.57116134479
5.20435666535
-0.903724694779
-0.913099775315
-1.34918034823
-3.97542125359
1.7748421456
-0.565558244532
-0.621602310303
1.33045623071
3.35647058399
-0.67073103366
-0.634988061093
0.622819980927
-1.27655922041
2.53387267516
-1.30798743781
-0.245629794676
0.738900315023
0.910760806465
-1.63972954607
-1.64669357674
0.530123665256
0.725114374728
0.902063944744
-2.39965823539
0.952362631258
0.341110114464
-0.370066598354
0.877529170516
0.889532917565
-0.708426694534
-0.647060764769
-0.591978897725
0.784111665592
1.08614138716
0.436935539421
-0.674914413657
0.39580232761
1.0696988974
-1.52663519722
-0.74455470082
-0.670203691642
-0.258567714187
0.624606616624
0.562856848979
-0.493766061077
-0.250106212922
0.561641709795
-0.799147372642
1.05531681968
0.815657541091
0.213564461457
0.287686179294
-0.697940323119
-0.648872595743
2.60060388942
1.43503881131
-0.17989218689
0.902831276187
1.69591689652
-1.4078263257
0.326404177611
-0.426444102377
0.463052626984
1.45850473807
-1.50171919214
-0.205034155188
-0.22161360244
-1.12805785687
1.18932833686
0.499994584898
-0.123184648353
0.333351494239
-0.656288626255
1.16279221458
-0.475359805796
-0.157885882573
0.191389688664
0.764778315181
-0.590432454271
-0.495137592039
0.189467732682
-0.224174275827
0.309496089781
-0.447207767353
-0.568114365202
0.140528044459
-0.235254320801
-0.681922006814
0.373123424115
-0.306013110143
-0.161837053809
-0.135861246356
0.315676443847
-0.364941285793
0.330311539877
-0.225258968843
0.172709603574
0.357775033325
-0.217284023894
-0.233512102237
0.157818697743
-0.142623197211
-0.470543279251
0.326243159313
0.281764252887
0.106898617904
0.103332981599
-0.210311840635
0.206524378355
0.130614872191
-0.113689453112
-0.232547319512
-0.284973649642
-0.286651178441
-0.275196101941
0.0572782606261
0.0805011606885
-0.191374497096
-0.251351192179
