-18.3964884549
-13.797865492
14.8643508312
9.9020272126
10.3267074482
-7.51228211397
6.30511556863
5.42575006347
4.30444300647
-6.54400627533
8.2179070786
6.51341682214
-4.18341007932
-11.210096993
-11.8486030037
3.881429891
-2.79629416748
-3.1708956005
-2.72276623556
4.38358981298
3.52707203912
-5.81628639541
-7.05471124535
5.96833389479
4.90057690602
1.61262977728
-2.89853023312
-2.6142329131
-2.65174639283
-1.56084821464
2.37512305309
-3.54646072091
3.40099999097
3.71548229041
-2.92422839297
-0.574865096793
1.03761551864
-1.13526557119
-1.84862188012
1.68412102361
-1.64141519672
1.79870974743
-3.09635640877
-2.83715003489
4.55181139477
0.806066015416
1.54452334664
1.74965180633
-1.72753387762
-3.30252704316
1.81797938015
-0.885385549052
-0.772350596699
-1.18913156356
-1.17476463831
-0.818441217961
-0.489374430305
-0.821166452294
1.2490835228
1.97613154255
0.994353845797
-1.88684778299
1.87748133916
1.22704827014
-2.04789895833
2.94443147459
5.82738479377
-2.4666127774
3.49669621254
-4.09420944714
2.7914339235
4.2310580165
-0.70599614067
-2.23518733854
-2.24892093849
3.31755868496
1.89752883009
-1.70781174771
-4.91580734836
2.21150858246
1.61648878758
-1.81812971736
0.654982673569
1.95794188647
2.06442434739
-1.0637961808
-1.83917484443
1.63304861104
3.69103791886
-1.15982352764
-0.777504907591
-1.16681683223
1.33591517806
-1.02476527152
1.03070866097
1.6345960292
-1.93327060982
1.56551072393
-3.50193378579
0.695047764536
0.573498483871
0.696218475205
0.442654936863
0.691273672919
-0.876927180884
0.555519902404
1.23013683309
0.893811133748
2.08114681657
-0.79518012412
-0.677566214037
1.21476360775
-0.555377023653
-1.62547706392
-0.787496582773
-0.62166226003
-0.357036806937
-0.615815884361
-0.555030873556
0.773167437734
-0.595987225318
0.428741460545
0.65968321726
0.709800522889
-0.874928354767
-0.442133137875
0.752248229195
0.609024502135
-0.854871854586
0.523115440855
1.64021010865
1.46295700673
-0.95074691262
1.59894082414
-1.70314712368
1.22764587317
0.98696005561
0.136750864713
-0.524707568737
0.604151630424
-0.800975588357
0.818935166553
0.740424356654
-1.6518913305
0.985544327322
-0.631170106996
0.36919103275
-0.2586832242
0.630059284555
-0.775900825451
0.3612464941
-0.548569585444
-0.545275606668
-1.07354898349
0.675100175094
-0.245057413268
0.332189373843
0.435183152981
0.406213666447
0.398424110655
-0.793654070464
-0.780043959343
-0.636130097524
0.772554411252
0.359071624201
0.207138072176
0.285599189411
0.232247802154
0.226669436354
-0.282256325502
0.358885100135
-0.510913529039
0.409597143433
0.508161282577
-0.284171600493
0.412619204244
-0.415859798145
-0.315846928908
-0.243505892988
0.54022748126
-0.219403593769
0.155893138848
-0.20939838113
0.27124448684
0.266210058288
-0.227852899771
0.150041317698
0.22746755653
-0.249413209292
-0.298591816776
0.182880985607
0.275861463399
-0.230842828132
-0.19997563023
0.212255681722
