-23.5106863781
-7.99405372361
12.6596328102
14.0068011775
9.5460741444
-14.5163026419
4.58953281872
7.63115977224
6.46434703449
-10.6388521449
6.23481918028
7.38240498137
8.49445523526
-4.84870916157
-10.0679765412
5.1689979071
2.93890267459
-6.34767284706
-5.11794873271
8.34280152963
3.689815356
-2.02811273199
-5.29849486023
-1.98507158813
5.30760990923
2.56414041062
-1.86619568458
1.80957247603
3.90661645072
-3.266547234
1.9833565239
-2.46809810329
-2.75275891396
2.87034472492
2.58288333735
1.7011001432
0.904826626082
1.78126429468
-2.0841399598
2.46023033222
-1.57146656051
1.32735015041
-1.18170499777
-1.44870096513
2.76073623047
2.09533033239
0.783318122859
-1.53999974267
3.43957732754
-3.19819624729
1.44103741908
1.31999374679
-2.23469626055
-1.91970282658
0.881516035271
-1.86610814474
1.36016044381
1.5118205679
-1.73553227287
-1.63678021295
1.78499710008
1.57367439702
-1.47582539663
1.10399876698
-1.50997415507
-7.57468209595
2.64697918444
2.79656628592
-2.91889654992
-3.42585240453
3.84826773327
0.878549646798
0.59391937172
-0.631102079431
-4.37377969941
2.8636644841
1.05225254447
-1.83498821102
1.80276970963
-3.12336005053
-3.04230331115
-1.24307920874
-1.30576953007
1.11766122309
3.37473061576
-1.51587570334
-0.905830734651
-1.30262473017
-0.917253007875
2.52683069792
1.46064693533
-0.24866464712
0.951289696457
-1.23633719916
1.61873169009
1.62353523923
-0.666718087113
0.838344873244
0.670911098307
-1.68066613923
1.57945527705
-0.38229120073
-0.640729846705
0.555158198675
-1.7046220809
-1.01592161043
0.703047956574
-0.623978869853
-0.42502124718
1.10933924109
1.23469281883
-0.566355819854
0.675856199776
0.921512647735
-2.16931188941
0.421865804601
-0.468901145582
-0.683754147155
0.862707556426
-0.36930015013
0.739070910543
0.75942961992
-0.645432394383
-0.975305056783
1.41023579905
0.985328109583
-0.716401729747
0.728255818614
0.496130016041
-1.13623394856
2.75624270505
0.834436030251
-0.443800333588
-0.643255100598
-1.54572499681
1.08783125058
-0.322496581683
-0.258442087999
-0.155703549916
1.14314178955
-0.554616682034
0.283251958941
-0.721810188871
-1.09221170707
-1.15304967256
1.26703224359
0.237854141573
0.445717272947
-0.437971292702
1.03597401061
-0.489443511024
-0.209755386767
0.44716318184
0.765204612037
-1.07986106371
-0.614535425036
0.115133273674
0.242104117048
-0.413322033559
0.796384358026
-0.430563425066
-0.309889178794
0.331182718383
-0.437054182282
-0.576632604995
-0.552292877685
0.175530252846
-0.225850989487
0.200189473084
-0.507441214211
0.325275204981
-0.198513964423
0.231443991927
-0.194616824252
0.341530104207
-0.438910484303
0.24856315662
0.175352565172
-0.623309965426
0.470052751324
-0.138756710932
-0.114647468066
0.319453474929
0.31648067945
-0.157228952709
0.304703311269
-0.256020112004
-0.177519402563
0.281471577104
-0.320204841937
-0.349727894593
-0.221415674091
0.156676719869
-0.25906515572
0.288339014269
