-21.8528163757
-21.9858491622
15.2161131638
14.7789222675
8.92822769688
-11.3503262618
-11.4994629369
8.15255260742
9.01150190017
-7.94303336881
-1.92800859601
4.55377109069
5.87114137041
1.43450728519
-9.66758195901
-1.69247933036
4.30392985735
-3.89570244198
-6.23636490983
10.5672456785
1.31968996383
2.42317210713
-4.25965769997
-3.8620032617
5.57767521231
1.52437835263
1.31485536254
-2.35383445102
3.75747124147
-2.34916636274
0.295212181639
2.57990119829
-1.37135315258
1.47041667075
-2.96573745742
1.4245412957
0.836150723614
1.11416950943
-2.0546426453
-1.8733637053
1.16159601706
-2.0337889201
-0.804170904377
-1.53262699514
1.93793544364
0.897321818613
1.05919384404
1.18458490113
1.59133515082
-2.41903836213
0.822881055852
1.2149235301
-1.38699527207
0.748396869336
-1.39000104047
-0.496060299508
-1.6069562905
-0.867658265048
1.70084668536
1.5690474056
-0.622097437909
2.32237727008
-0.811260248513
0.535838863739
-1.25222848813
-5.21605343696
6.27607352009
5.07604889976
-1.33658437316
-2.99385177706
-1.62571191299
4.93329626397
2.67242154555
-1.41720534869
-4.17003084537
-0.451229338674
2.1946016475
1.63054884604
-1.17186168647
-2.42319887872
-1.76636962626
2.16774911467
-1.15644723865
1.59437945858
3.50761757482
-0.749049220644
-0.940436734937
-1.2962360077
1.00300832935
3.39126782647
-0.531304809837
-0.733930149648
-0.945790258738
-1.16846811295
0.927896501485
0.323551325895
-1.55315860927
0.679872882183
0.401849759071
-2.56583380316
-0.504428871704
0.578083908101
0.560178664319
-0.684796467982
0.990859049323
0.489843228601
-1.2177433069
0.631010479506
-0.352730744247
0.871460267996
-0.577605939265
0.50758824638
-0.678956511895
0.845737878741
1.1454975695
0.403991721345
0.86283740356
-0.58149711494
0.430884423392
-0.793202191963
0.284989601758
-0.824388933498
-0.703965011171
-0.580361421496
1.04296181074
-0.427744566967
0.895777768951
0.404067918644
-0.271779583055
-0.825152036132
1.47117872792
-1.70132329319
-0.962338075343
-0.638244189191
1.18433501994
1.39585120439
-1.11508141051
0.596169420596
-0.550789105458
1.33994798297
0.585685952281
-0.457600924184
0.404616592836
0.364357526925
1.09446217531
0.648508260362
-0.672407075592
0.348156190635
0.536546085401
-1.63045228321
0.298787205415
-0.221427685106
0.276106192929
-0.313408248739
-1.05015575691
-0.399639247412
0.188777754495
0.327276452332
-0.567646470116
0.306275319319
0.136840087829
-0.370359533316
0.161609015993
-0.139210355713
0.738142006651
-0.23715638626
-0.228216141859
0.15491975459
0.294277743788
0.317732762631
0.233921395217
-0.399163020678
-0.22191837804
0.112912265233
-0.322328811754
0.210750793176
0.215259498553
-0.248669335898
-0.373742975736
0.52248788903
-0.152377071405
0.258005505679
-0.217866670861
-0.173369043286
0.335339095393
-0.107465954429
0.284176160799
0.309830040015
-0.190682596052
-0.402677471342
-0.197316668445
-0.283833020048
0.0996945140479
0.116938331917
-0.287300046824
