-1.9981768689
8.1598651988
5.06579298212
3.16770345718
-11.477171243
1.56956414625
-2.02908756403
2.37486021195
1.83661677172
-1.66794370955
4.91718010681
2.09747280102
-3.60643379154
-3.42346618143
-1.70746457166
2.35342421981
-1.60564649157
-2.17605313917
2.68049675392
2.44056496367
-2.77196455668
-2.06418608205
1.42587603731
1.75742687371
1.48691122045
-3.02612445807
-1.33812852897
1.71164802367
1.60771893592
1.56616996557
-2.71652503373
0.970447310123
0.829288563553
1.27887375549
1.50478600156
1.44115987303
1.14376854219
-1.12488931102
-0.957788804398
-1.32091880022
1.55734257692
0.432388562618
-0.452964204369
0.581977284523
-1.47559939225
-1.78875283077
-1.61856770711
1.65195373879
1.21218130501
0.552246211555
-1.33796103235
-0.464035543542
0.640815302951
0.403844450019
0.697225859296
-1.1657231687
-0.345390033618
0.454386970561
0.483894934793
0.667076552248
-1.15408164262
0.292828119105
0.38987533406
0.720461959261
1.1136040034
2.75413274964
2.16189431422
-1.3181951993
-1.78719337665
-3.63686399743
2.89545483868
1.42537330367
1.25537039073
-1.09482917638
0.817051336513
4.85453785627
-1.33576169201
-1.2654119262
1.86864949769
-1.74795362337
-1.14605416389
-0.30551064572
-0.54296267137
1.42080241234
-1.49150835481
-1.99447512455
0.534355418766
0.659333550074
-0.712833424309
0.625262790487
0.573160581485
0.76173758857
0.775481927988
-0.474040111475
-0.786854504495
-1.14819699992
0.471387481796
-0.387214036301
0.888609725132
-0.917685736506
-0.460672587558
-0.822544967562
-0.712992154221
0.20331115782
0.628550907086
-0.493472381045
-0.442676383494
0.322525414337
-0.478662548591
0.766402863852
-0.555017604341
1.00791701283
0.83842503958
-0.463959734311
-0.482381994527
-0.713803081126
0.393610033002
0.280002918933
0.391236407835
0.391077113271
-0.731367916699
-0.264102749509
0.266438820085
-0.37862875174
0.309544729922
0.5413265573
0.294592337427
0.133680379233
0.227800194038
-1.00084948787
-0.395258706529
-1.0752922145
-0.41260153708
-0.609947956119
1.82445333276
-0.904416174981
0.563071790706
-0.5609266669
0.477970128223
-0.765741058626
-1.54757488707
-0.162410909339
0.715874303806
-0.604252903409
1.13819565251
-0.832415368573
0.245544819829
0.395595415072
-0.598906372289
0.699004442953
0.611275598925
0.243522944
-0.310202672729
-0.343041743596
-0.378373689356
0.489590603739
0.130958956296
-0.234085896328
0.25899808767
-0.542468456941
0.515387126131
-0.182132531481
0.291303204499
-0.162320522107
-0.34955389315
-0.330719513226
-0.168462325536
0.22907582801
-0.133202818323
0.398577851539
-0.345147672034
0.0797067099809
0.191300449458
-0.188145696525
0.291181499367
0.176084391211
0.306588911878
-0.256866046726
-0.11110314006
-0.148438190378
0.272208341173
-0.109691976267
-0.122695730168
0.122102323877
-0.125549028014
0.26954404499
-0.185149788099
-0.161266892956
-0.121786116572
-0.166979594843
0.14244848268
-0.156620832264
0.0235299537014
-0.020470428538
-0.223617211261
