-16.7470879465
13.5113860048
14.2050832626
-14.681564976
-5.04163594176
-6.75368005308
-3.4245287498
2.27308330153
-3.37731308989
4.53134449075
10.4334730501
-4.65569742758
-4.62148501539
-5.02324864161
-3.24255054103
7.41619740073
5.57573162218
2.45073516449
-4.21641853359
-7.08819947698
-6.97430381891
2.84570733314
1.47135794726
5.35047169821
-1.81605862707
3.31514589135
-1.46796270797
-1.91010851732
-1.33507031005
3.46302802982
4.71408416103
-1.95117522777
-2.17481403178
-5.02595607033
-3.29629587356
-3.89693972563
1.635118865
2.82886293005
-2.39457338094
-1.27441825618
2.14864456097
1.61394177831
-1.17446847728
2.86455545033
-1.52825947185
-2.16004961371
-2.6243948207
-1.60814076743
2.8779591257
1.91636643317
-1.30830562211
-1.88935994402
-1.71992871147
1.34271928566
2.57840209345
1.67576508413
-1.89809444998
1.13467226299
-1.65769801413
-1.14433036211
-1.53184495948
-0.836002616984
1.36927764779
1.27663274724
0.995779148342
5.76908314621
4.09954361588
-3.40760079456
5.70262411988
5.26053544714
-2.47226376496
1.31500115449
0.906179282759
2.32312214884
2.54202409434
5.09471288313
-1.50503645055
2.42455275686
-3.79736088923
1.79415517811
5.76110289
-1.7022329015
-1.5856142066
-1.6199850607
-1.24567514244
-3.06956202089
-1.63167167687
-0.993025945723
1.34386469044
-1.27267877476
1.59090664467
0.526304435375
0.812101013043
-0.838955448534
-1.75642784804
-1.42487532722
0.836012493712
1.01851773679
-2.51897927265
-1.41893659483
-1.57638484425
0.562344779016
-1.58235861383
-1.07642215364
0.517162944842
2.05059318987
0.874060148216
-0.705664500842
1.26985378395
-0.489636848111
-0.975208850664
-0.815100683516
0.828884984311
1.04275385002
-0.462203859255
-0.70408960368
-1.03526425036
0.671102209985
-0.743186041546
0.846585765179
0.845792574697
-0.955116500011
-0.475955730037
-0.441381150654
-0.798036775595
-0.855076202564
-0.409423378271
0.536433874536
1.01981508835
-0.739741237594
-2.45289453398
-1.60339130196
-1.51242007675
2.06376221823
1.55090979277
1.23280665026
-0.39864191335
-0.465853391371
0.849194438044
-0.689491054077
1.36430198476
1.05253576841
-0.722902454199
1.82775936008
1.39417801328
-1.54263768051
0.452403109885
0.527447391314
0.58915608982
1.44129835384
0.724660565478
-0.582962185983
0.607218298014
-0.495869509165
-0.719931700887
-0.676449226525
-0.27431650683
0.214774941092
0.306504472785
-0.74957402093
-0.531655620444
0.379346241442
0.469781570312
0.953259931973
0.464069467768
0.553098141372
0.178912710077
-0.515196852713
0.253170716656
-0.310305947708
-0.655361865281
-0.276391859683
0.16057841549
-0.470150356156
0.193870119766
-0.388670759336
0.345379346869
0.193951386896
-0.432339852711
-0.300963828898
-0.393666800049
-0.270127432091
-0.195026039752
0.199809963312
-0.286621566431
-0.340682560055
0.383536988719
-0.196255970164
0.199780175679
-0.34161374836
0.228373466283
0.152299010395
-0.22763649553
-0.331104164272
0.325704734396
