-14.5842007674
13.1188484632
-6.77319886183
-10.0859521323
6.71342943458
-10.1668324285
3.4422680862
-3.35770990166
-5.36453024547
5.19785368581
5.18244225757
-3.48556149721
3.94843125826
-5.12311721001
-4.26298683645
5.03919933787
4.40817201693
2.55130210871
-2.9296746094
-6.43967016521
3.69723646906
2.96752641565
1.70215502896
-2.91490448108
-3.49526879857
3.94770424182
-3.87826377725
-2.37642837026
-3.77416649721
2.17728087873
4.39134951951
-3.63336578504
-3.93129442454
-3.04569294746
3.63676952369
2.61957915824
2.31618965913
2.18247243899
-1.87577204003
-1.62930778344
-2.69965245453
1.51751446982
-1.11923533081
1.97474712924
-1.18377000406
-1.73757798861
-2.20559666036
1.33064204985
1.34214820199
2.23107051518
-0.890631436761
-2.049577637
-0.931775256215
-2.37636231716
1.96927703928
-1.95318944043
1.32096878341
0.819590185997
-1.9474371433
1.92007594247
-2.04378527613
0.831092559414
1.32544979003
-1.10234930157
-1.38863384807
3.44212420729
-4.46312381766
-2.52410098577
5.23042207376
-2.92982161408
2.60098539797
1.66770495982
-1.65509692006
4.00186947178
-1.39128166822
-2.47805647611
2.00659345224
-1.08263447217
2.99572422959
-1.43131451329
3.49007785366
-1.24405100034
0.87091221892
-2.21396856312
-1.24135029094
2.26876506959
-1.25349309479
0.989400961823
-2.13585794907
0.745305720012
-1.73940257929
1.24771300967
1.12901274683
-2.59224996206
0.911343830337
-1.18153169289
-1.09572451114
1.20173125423
-2.22093033061
1.05647380096
1.19772072403
-0.81663872215
-1.13017150539
-0.606784782988
0.793190799193
-1.10913930118
0.884403659188
-0.781910471419
-0.577597833475
0.964147134224
-0.658609515297
-0.847335204484
-0.890900686924
0.989010393119
-0.671825527012
-0.731867594253
0.663208842783
0.602475871994
-1.59418082217
0.378803143633
-1.166563925
-0.88667331698
-0.53233928095
1.01928100128
0.950561309665
0.949224438131
-0.580198068687
0.824296322709
-1.04476174998
0.452713765617
-1.80130877727
-1.75220740998
-1.18137806973
-1.64383642432
-1.3383383397
1.40968950329
-0.6272013511
-0.473960397368
1.26067302552
-0.900075609606
-0.738824144024
-0.758902021515
-0.39681149758
1.09119263324
-0.919952193381
-1.27130659678
-0.369793963308
0.502029885636
0.803536223979
1.17006662122
-0.908955520478
-0.267675819258
0.267045642815
-0.707980897362
0.666495403911
0.490280767804
0.450527683102
-0.221430143472
0.941920843504
0.313850471717
0.474827834378
0.483584972202
0.517461311907
0.842641202717
0.433562298045
0.406698164445
0.370931299457
0.317831019608
-0.171763202174
-0.19824132299
-0.377045145408
0.241152222484
0.251112717218
-0.178383138207
0.316482304371
0.290594452347
0.322473919834
-0.285091428451
0.280650431379
-0.208876415839
0.273057903719
-0.262978008606
0.161245980091
0.615458264496
-0.143178900599
-0.450322942369
0.362982592154
-0.218987912058
-0.337854190247
-0.438782282719
0.302727649741
0.226516332381
0.297376993045
-0.353625463555
0.316059468521
