-13.8642649086
10.5461335258
8.12720808145
-9.75234573597
-8.38832078903
-9.88855919565
-3.96030840602
3.35338456794
-8.15362301642
-5.16083608854
5.91610896797
2.97598305083
1.68138685786
-6.22317034298
-4.3973881849
5.9019753976
5.8803079215
3.29224423237
-4.31815607441
-5.57345303562
4.61458230177
4.22599634127
-2.70466129916
2.79348889952
-3.44870351554
3.84295903389
-2.49859466413
-2.15278365672
2.92161801711
-1.35220608408
3.95462295613
-2.32302196457
-2.22340363787
-2.5305045153
-1.49381965252
-1.60298094167
0.64081379509
1.25019644807
-2.71512475501
-1.48955972178
-1.8787570276
-1.13272480598
1.18890238148
1.63545448281
1.30355680291
-1.71443283369
-2.11156990485
1.14356670706
0.898154984518
1.89074316979
0.893998515038
-1.27992704357
-1.42042982512
-1.38147077014
2.52800719766
-1.40662794149
1.65267440022
1.70361317182
-1.84940103218
0.95908658293
-1.59120922086
-0.834219589658
1.75536754742
1.39174086644
-1.0566930183
3.81458151221
4.30367273818
-2.61854024185
-2.70024155656
5.78021670142
-2.98417206715
2.07438628422
-1.16336225422
-3.57156505206
5.53012523852
2.66959600674
2.06472778214
-0.973797377033
-1.87471369562
3.553670704
2.22817353922
-1.76157438355
-1.37955783136
-1.88415391928
0.821448037189
2.23032116464
-1.93128941143
1.22148915141
-1.70817938249
-2.53413338196
-1.66598520849
-1.3581582166
-0.80926809902
-2.25944964756
-0.91224799148
-1.33347017737
-1.51253051148
1.82729840803
-1.98475798388
0.862963058649
-0.743865616257
0.639374127361
-0.718747740565
-1.1087431525
0.742950969814
-0.793881633405
0.910995939878
0.773603565355
0.761380176968
-0.501624580933
-1.11239627795
0.694742309141
0.741833879875
0.896774435676
0.646974818603
-0.558980223066
0.949623939671
0.61181145095
0.723354582379
0.681026268983
0.789032426539
0.706421935691
-0.622208376849
-0.895477471698
-0.721342686743
-0.660184100756
0.505033537942
0.457876158601
-0.768684762385
0.525897816657
2.06706120977
-1.84434216634
-1.13594890025
1.69588521631
-1.57348042549
1.78821453303
0.854195435728
-0.694896218038
1.72113276952
-1.43879730599
-0.887839774395
-0.660550346049
0.389398741708
1.3570960999
-0.846911514394
-0.595597424218
-0.445663327648
-0.527520706623
0.628145250727
0.554851975106
-0.795905394968
-0.879730635576
0.329330530547
-0.684253037341
0.594698843279
-0.519472344903
0.453211379103
0.306393236452
0.679858223863
0.201056390478
-0.286291763534
-0.709534358197
-0.765252410939
0.607299543887
-0.181724269535
0.325447138152
-0.198349828232
-0.260840508073
0.392989081957
0.20634962196
0.364408614322
0.261048672048
0.324573961406
0.132686215247
-0.301194259723
-0.334893347189
0.239524036666
-0.157352849497
0.267074346287
-0.391813254358
0.198329835212
-0.364388619896
0.236843021949
0.258894114304
-0.194964522757
0.313495505557
0.257712906816
-0.279551500409
0.383053863897
-0.23171004022
0.259180361859
-0.228842753758
-0.214167958064
0.335297315586
-0.251787301105
