-20.9894567748
13.9811874684
-12.5700940034
10.1641334493
-15.8730018884
-8.22983668774
2.47681992468
2.75103113555
6.42358615831
-4.46087012481
5.81630672367
3.02515146143
2.52663578558
-4.81186548251
-5.00035785099
10.153310733
6.76944612939
3.06731652591
-5.60027481387
-6.87313458967
-6.81933368263
-3.39338032995
3.05322533814
4.5307503485
2.9871338397
-3.33877394621
-3.61234170046
-2.29906887317
-2.66844363426
4.28643496023
2.48482402283
-2.06969693635
2.05655277991
-5.18235995751
2.85506045258
-2.11873308291
1.36927407273
1.58621057884
-1.02051283599
-1.92644769468
-2.01179374456
-0.672866963571
1.55021030907
2.96171674745
-1.74179508498
-2.46651640776
-1.7665255922
1.72623195893
1.34207002357
1.31794986086
1.41035034094
-1.76824890852
-1.00269674381
-2.04932016459
1.55097618386
-0.998855226569
1.76316627769
-1.3594180397
-1.0797943418
-0.890295204031
-1.23645709957
-0.970470669629
1.99215301486
-1.30870055004
-0.654999050131
7.44858045308
-6.05458182401
4.26778348344
6.94142600231
-3.47088042449
4.40676505436
2.39139095599
-1.59704169197
4.06927540251
-1.88154566633
3.32000199419
1.10014241915
-1.92668623661
-2.76531461503
1.33424765813
3.18167465066
-1.65883943779
-1.06093084527
-1.34189309286
2.14300017334
2.00411236341
1.25821206101
1.62083373555
-1.52219701204
1.10633769844
-1.84166702138
0.712573370859
1.52089136719
1.3806038591
0.988565762491
-1.38950908499
1.37921380846
-2.91109425617
2.55082354693
1.25248833013
1.7192046169
0.609946151978
-0.698327084276
-0.738374573146
1.24200105398
1.16259691624
0.271852437448
1.35969411639
-1.14752194105
0.810084640158
-0.734712921239
0.602617230103
0.474845485359
0.691002317406
-0.723493455925
-1.00391623983
-0.7033989446
-0.836952950774
-0.824959741157
-0.879619121095
-0.582376335974
0.482157794286
-0.689284431484
-0.697744533657
-0.466962254301
0.831350056961
-0.637619171406
-0.719438882308
-0.655177015181
0.49922177763
1.92543694288
1.84711486858
2.22563986124
-1.16126742391
0.773844461449
-1.49868922225
-0.61495514324
0.837972236598
-1.42104785052
0.569828761752
-1.11345850773
0.517061247353
-0.581802029124
1.0454242226
0.570104878092
-1.55882588388
-0.770861770476
-0.536759856157
0.359984688617
0.512901947623
0.849260176954
-0.521493992404
0.448914544881
-0.674337202948
-0.400858128719
0.619580046489
-0.278207703706
-0.614853200779
0.621863470584
-0.425728815633
0.402292512491
-0.388736236149
-0.660944932115
1.36547945078
0.42377902327
-0.714058708223
0.311254006944
0.244089701994
0.237613094171
0.397252011653
-0.564116075511
-0.123115513486
0.32374287021
-0.62680401436
0.281610528893
0.236983212803
0.135992235752
0.164534217337
-0.248745126546
0.249854955708
0.260440383073
0.252502597589
-0.356843984913
0.3757893298
0.321119854791
-0.195107500388
-0.156013916083
0.220388339624
-0.246359523936
0.131587223973
0.195374690353
-0.221662295312
0.268364078998
0.192278220054
0.171894159186
