12.3552627576
-7.34885827064
6.87077729373
4.57636830301
-9.71658253786
-2.18856627167
2.12152591777
3.76950284175
3.09197722075
-5.07749639881
1.46257185216
1.4889670212
1.42626750298
1.48815870232
-2.0414299294
4.56528926089
-1.12264087077
2.15434648157
2.05973250801
-2.91336870467
-3.90587422283
1.84689239125
-1.62569841881
-2.27497067524
2.75846980869
2.05921692268
1.78314215648
-2.00388411143
-1.62601454933
3.14861711359
-2.25460941047
-0.800828610833
2.70800169994
2.50329777499
1.93490080961
-1.41182199104
-0.938468018023
1.26526404834
1.05749555066
1.85962897656
0.514461689845
-1.50948656918
0.539053805913
-0.995890651257
1.22356475012
-1.52261439099
-1.67504871716
2.27227861572
2.34464851932
-0.833373642467
-1.17612784171
-0.740533889893
1.01050480598
1.39815669398
0.980600979153
0.768398845219
0.846865202717
1.65585901749
0.647647150239
-0.461245675645
0.954922805497
-0.602928612272
-1.2501307307
0.620619507898
0.687161405263
9.75223856669
3.92755618923
1.56867469752
-2.46625587304
-1.86717483367
-1.71226208887
1.30554999795
-1.31247871213
-1.43235102801
3.06042870574
1.5442973729
0.669313593849
-0.51866046986
0.643738551573
-1.12690158464
4.27875613958
-0.773633968182
1.55982872064
-1.05621316684
-1.49125822059
-2.97142787257
-0.961599277742
-0.845324286745
0.604654536229
1.07896117951
1.22562039127
-1.11284444013
0.635431161373
0.65133393545
-1.78132033373
1.50710186257
-0.845901059411
1.48242445897
-0.709017767465
-2.65580560823
0.713322515293
1.00433826466
-0.749486357323
0.647224490157
-1.08335240995
-1.39106962152
0.538240091165
-0.326540756221
-0.462340960162
1.69786730212
-1.49437960416
0.631599965574
0.99079002458
-0.642769306106
0.947912213351
-0.526539702294
0.334314375379
-0.518146144697
0.560968958298
-1.39877196662
1.29470775267
0.68664459159
-0.543978805648
-0.483212772738
-1.23121257372
0.419106202766
-0.421520421204
0.554362870786
-0.186284129909
-0.43711473586
-3.70949609616
1.75512000507
-1.02638717239
-0.778383785803
2.43993293859
0.60039624517
-0.654507177521
-0.433322977094
-0.68093091027
1.1466601328
0.300707370185
-0.296993515927
0.252444217604
-0.325958327469
0.411174230839
-1.37324254136
-0.222758243582
-0.527561812457
-0.328778570327
0.926242737795
1.19951834671
-0.300797324263
0.362494705744
0.240745004585
-0.590855436531
-0.466941823547
0.193488238072
0.273198576207
0.299737870512
-0.72764090598
0.609914558724
0.145937325778
0.582081379596
-0.247728412693
-0.731145772476
-0.202247406994
0.383785842252
-0.248625636655
-0.161260942897
-0.349229116477
0.379668187507
0.245175668982
-0.179232604559
-0.0917448912092
-0.551671841222
0.377277555862
0.211980279041
-0.311886074728
-0.237492941316
-0.449564811828
0.226265776702
0.125099610075
0.269778775749
-0.205005912577
-0.337118196311
-0.308759158001
0.191152911236
-0.269757206678
0.174834904373
-0.301021045466
-0.177522670747
-0.194127872612
0.22842958945
-0.072804032356
-0.190062806792
