15.2558327323
8.70481389301
-13.4929892873
6.58447080092
-14.6726173063
2.15953600623
2.7355496404
-2.76898065699
4.70856338703
-5.64935521762
3.61724642767
2.8296539487
-10.2863230901
-10.4564402724
1.6945280529
5.80623355028
3.86028521614
-3.52788719037
-5.26773468293
-3.8862312068
-3.48685736127
2.84457226859
2.49884032688
4.39028169799
1.75154122068
-2.61333310514
-1.84785104534
-1.2407377248
-1.61155343419
3.66228650928
-1.11459971281
2.92424175276
-4.73251315954
-4.80594796488
2.20798649073
-1.92397911386
1.40143666278
-2.03586996049
-2.15435177693
2.05440094434
-0.84833993268
-1.38664019894
1.91047118049
1.90308740288
0.925373859997
-2.18353321768
2.83983833483
1.63654180055
0.896205953894
1.63467207889
-2.38458608517
-0.645631610275
-1.52896206095
-1.99352718617
2.18763661084
0.731388886428
-1.78510560113
-0.820984965625
-0.817754576865
1.30958415121
-0.702125309735
0.986934779802
0.997594209175
-0.888924645596
-0.811167688859
13.1612535784
6.62255324358
8.29782768815
3.14424112331
-4.26711331141
3.62179576437
-1.23395227512
1.95688944169
2.95172309726
-1.55977001656
-1.51783587214
1.0749422884
-6.30641817707
4.56766037534
-0.681115937679
3.44285240849
-1.64554498774
-2.07900184605
1.36301315951
0.610699350443
-2.4110771742
-1.36274081615
1.36847256106
-1.88894416013
-1.1111579953
-2.09355908174
0.660469617911
-1.26840951862
1.20460581424
-1.23462184762
-0.942892480739
1.27565447868
-2.84398287107
1.4235594244
0.843333269769
-1.6303472646
-0.682121107066
-0.917718405715
0.567580035154
0.500241600351
0.511816739962
-0.234548436931
1.17422824491
-0.535671830861
-0.301534256426
-0.450974093289
1.25700089885
-0.508502698192
0.601698197477
-0.468953868233
-1.19425798722
0.553759522996
-0.502235284857
0.725810471573
-0.499358948427
0.470900370345
-0.762726967642
0.439806667649
0.459032694949
1.14013915457
-0.289360134289
0.681263359935
-0.446635487869
0.414834266641
0.432752878008
-3.88383945655
2.41036264271
3.30007982275
-1.94644717749
-0.556496799444
-1.04358639126
-0.578933952997
0.721794265824
-0.737642908812
0.374964807621
-0.65130755136
-0.452146550542
-1.44893918512
2.29250296961
0.262830035993
-0.730272338113
0.752883209435
0.422123509658
0.86050375139
-0.169104459521
-0.675680848164
-0.382940547391
0.188925804414
-0.657857188934
0.540496375554
0.457125134276
-0.239927493975
0.253411032764
0.541858499797
0.598053794795
0.272548552925
0.396649989696
-0.662722271779
0.841917856408
-0.270708125913
0.556050963271
0.244213886046
-0.249733629679
0.332073290301
0.213488442515
0.338054657384
-0.0842637610663
-0.364782164306
-0.215816413983
0.144634909053
0.223440302587
-0.381694724557
-0.169568694542
-0.199765743066
-0.237720271679
0.229976016021
-0.213593403091
0.293625787175
0.215797241012
-0.22154236746
0.152447840026
0.23354468979
-0.153211914308
0.173015937644
-0.383829927877
0.0941204974474
0.197966662974
-0.133268791259
-0.182772937024
0.172328152739
