9.61602849201
10.8641834739
13.6108081984
13.6595929182
-13.5211024595
4.04164184657
4.54903469474
5.7363978523
6.14583932313
-8.30617558284
8.66276426172
3.33115242447
-2.55985034144
-4.19119729731
-4.47253342491
5.22682330659
5.8240538038
-3.86876274614
-6.93514398868
-3.56686195537
-2.15338611876
-2.9833517965
2.57009594272
-1.77591294292
7.55625963467
-3.92784315785
-3.03512585965
-3.07550423654
3.77485204861
3.79343108393
-1.52958821914
-4.93791736591
-4.07093457118
3.1299412367
3.27329727706
-1.45690777025
3.44743158899
-1.91423712208
-1.50601115883
-1.65266419716
-2.28261463565
-2.87957346528
2.93903132985
-1.54683649392
2.32782849385
-1.92547171661
3.85982717316
2.12314886149
0.932083993451
1.33668912295
-2.82855341142
-2.34001270215
-1.21025714753
2.37766156126
2.87741051853
1.73333330584
-2.43770761413
2.35063239559
2.25976342412
-2.79142625238
-1.99194776111
1.06977388743
1.70609732523
-1.43560322774
1.52287895175
-4.10219303589
4.66213725292
7.65495265887
-3.1161809072
2.45684753129
4.22324892828
1.80381517895
3.1584778843
-1.99037087416
-1.55227413111
3.25312537158
-1.08794333891
1.55906888145
1.77965783989
-1.8497756356
1.76628600075
2.24999059555
-1.47540247153
-1.23871690511
1.10866958453
1.44665204741
1.6684120155
-1.51560693425
0.774528770432
-2.32218418222
-1.36647891466
1.1730628859
-1.31849557957
1.3496422574
1.07097169486
-1.34375224892
2.00822931698
-2.67051930075
1.58314194085
-1.64894719244
-1.02521744552
1.55154904193
0.9100709961
-1.01706752196
0.813602275867
-1.18595082103
-1.1244241913
1.22353392977
-0.730190390547
-1.23787723768
-0.544952368585
1.18629867148
-0.735818753364
-0.814688909461
1.02922960974
1.2556478707
1.17384756662
-0.679976517379
0.610331704285
-0.934749602929
0.964434699302
-1.42521638159
0.78165621695
-0.906012728944
-1.53766641191
-1.45985937294
0.741491068186
-0.761141404562
0.777013418973
1.13917424143
-1.97411273811
1.71592626925
-2.03138202608
-0.609958402923
-1.00480966771
-0.812410056122
-0.65158789247
-0.749218630003
-0.404599528659
0.578686368757
-1.04148135996
0.408966685286
0.602007858685
0.472732526502
1.17141247186
-0.533863645369
-0.750411804939
-0.217882508888
0.383186360812
-0.479373543588
-0.563292064559
0.617523772082
-0.52162456981
-0.318823088987
-1.09643709355
0.602430889168
-0.382923844244
0.611836282827
-0.4272253509
-0.319798163936
-0.443173723018
0.946549419
0.828142961063
-0.266881461571
0.475057243083
0.399652991452
-0.654772583421
-0.346139965497
-0.30026672836
-0.208844211004
-0.33665467937
0.413914188138
-0.474615328114
0.175687202019
-0.475250344297
-0.163419630932
-0.475196062631
0.291147998893
-0.275707733652
0.443835811839
0.416739485794
0.390526175992
0.203079443414
-0.238191325768
0.440307259592
-0.445523420548
0.496615073831
-0.307338110389
0.264927274618
0.453810704965
0.280605525649
-0.257376039415
-0.255625754365
0.264525225192
-0.308044503834
