-11.2291796549
10.7689959094
7.4441011236
-11.0560105027
-8.48190619254
-4.06396764292
-2.32562883238
2.57813879827
-3.54668221338
4.57681020929
5.36762139533
-3.25846310995
-1.9348793684
2.03380760455
2.97828102515
5.32698333927
3.75324015194
2.5254347464
-2.39492499309
-6.42852338857
1.93675136878
1.90349488261
1.89704220918
1.80641142291
-5.45952792677
4.57972985359
-3.61310345512
-1.81746243901
1.82913373191
2.72675010049
2.16753781989
-2.16754518807
-3.92674342187
2.72771171908
-2.4953732133
2.08458192499
1.81734334906
1.90322248838
-1.91371879838
-2.54495509073
-2.11759524019
1.03561801547
1.39448428467
2.00466450554
1.60484487095
-2.24929623297
-1.6001018069
-1.79253409851
2.57485994078
1.80589429675
1.31125472443
-1.87647829213
-1.5609941834
0.697971680848
0.659014583633
1.11844284171
0.762443782729
2.00573182124
-2.8045733967
-1.66289919117
-1.96146515551
-0.997752101399
2.24014676887
1.23148573062
-1.32394980772
-6.21151776427
-3.94902153326
-2.42516013167
3.37253412337
4.86748859791
-3.59042386592
1.60707155305
-1.04389136441
-1.41472174364
3.04479523561
2.83325606569
0.863513682243
-0.900630711475
-1.69693798498
2.41730440769
5.11288424194
-1.07057915902
1.19225295673
-1.62304561969
-1.12448109678
2.67837541759
0.487714851112
-0.732859652335
0.954771051196
-2.31534726442
-2.53234653042
0.86521689922
1.03416998956
0.901949108364
1.0988660301
-0.865980464636
-1.78277386362
1.17460942631
-2.04266639722
1.40900878504
0.966753534185
-0.601250781658
-0.864722378027
-1.2667853535
-0.428214378558
-0.735000294651
0.752073791612
-0.404661712263
1.31582606011
-0.831213960106
-1.17510119291
0.519293647238
0.972545595869
0.808164378322
-0.577553657936
-0.759409727476
-1.12914193365
0.771360763568
-0.578218992791
0.515170692282
-0.959402776005
1.01730689169
0.794914988429
-1.29470370879
0.581779278355
-1.38386506594
-0.392089304721
0.67844217836
-1.09461597006
-0.752785527687
2.63631067777
1.75616071187
-1.36829035103
1.22519864739
-2.14780178815
1.08972480822
0.690826316868
-0.492993653818
0.598524376604
-1.18570614149
-1.37645967419
-0.41445599401
0.285879678572
0.452681328521
1.02856059817
-0.94718478338
0.298610795295
-0.703824644104
-0.475962889332
1.31408989669
-0.790780410981
-0.185460230827
0.186945733306
-0.269443569205
1.12978329385
-0.765602877143
0.454802765356
0.250607731886
-0.255361478677
-0.329869775292
-0.275529359947
-0.729397157195
0.621677966015
-0.450012930514
0.513851388961
-0.325643011584
-0.236903400053
-0.312020395318
0.293490281017
0.32887352384
0.216101940838
0.118930743631
-0.193977185314
0.438426553685
-0.382319542135
0.27442538577
-0.214260183719
0.284242725278
-0.265653113534
-0.278511240135
-0.254163209564
-0.469254151181
0.375089614468
-0.122408282366
0.167869878981
0.375736344032
0.386366687094
-0.372854171386
-0.32884951999
0.443401732047
-0.440093263224
-0.1954274626
-0.294121132132
0.359606453336
0.332610141559
