-12.1757561453
-6.7580456172
5.2829549866
-13.0785785556
10.2916612094
-2.39405614641
-3.31377454077
1.15125364909
-4.78311210172
6.217583194
8.60711500541
4.44950486523
3.6651924806
-3.10534737871
-7.08071355925
7.36955320247
5.8957074507
3.33647792265
1.56329546516
-9.34265155698
-4.9879339041
-2.65692499412
-3.44516444781
3.20010997073
3.58709894282
4.71521933148
-2.65729848589
-2.71390755122
-4.29355477408
2.86746181754
1.24840157219
2.12855656604
3.1718750727
-3.41088565446
-4.84790170237
-2.88907947552
1.07088299921
1.46411631312
3.54076854339
1.39764316513
1.302632965
0.909707003942
-1.65352989842
-1.93997541999
2.28608218845
-1.6181805745
-1.91045980998
2.22943693849
2.28236365073
-1.79138352069
-2.63595931922
-1.86639570512
-0.82905759072
0.893506429603
-1.10576686723
-1.2338661995
1.10534614401
0.797853421024
-2.00236428976
1.70576560856
-2.10787719313
-1.13038680016
1.85262531645
2.98068548391
-1.11662938582
-6.61703638282
-5.12394863131
-2.41412721983
5.26468263887
6.15459718559
-1.66248820486
1.3686771939
-1.43749555446
2.53245676399
2.61425790618
6.81717892092
-1.68286904423
0.565187686516
-2.03940052287
-0.983657415101
4.6674475268
-1.74090482161
0.876400579653
-0.947158505525
-2.39421859218
-2.35291364155
-1.94391724262
1.19198601739
1.34880331175
-1.26332918848
-1.89394890788
-1.15974473677
1.08493914777
-2.51987783317
1.54046934712
1.1942411676
-0.99677687102
0.926050392501
-2.41329265097
-1.65482420196
1.16863371409
0.69017768813
-0.516486945399
1.76306070799
-0.977474224067
0.927476642757
-0.659702465838
-0.596494584819
0.911354670251
1.03802741518
-0.685570444212
0.295073875313
0.793264560791
-0.853528982664
1.29179941733
-1.02358253346
1.09947728387
0.482054531706
-0.88872153104
0.924075057703
-0.590541879067
-0.397298500206
-0.848767229394
-0.761799146059
0.678468941068
0.816201852854
0.505373510723
0.943656074718
-0.885308105062
-0.739528640841
3.42652308898
1.99181290409
-0.796237037389
1.79161420834
-1.72560383834
0.389492057178
0.424029748366
-0.482414397629
0.656476217272
0.566645625235
-2.4628103982
-0.549774612916
-0.370448597489
0.546581460872
0.270565769961
-0.792539864814
0.48261053049
-0.294524041951
-0.365555030334
0.592729581103
0.810947002981
-0.668286161663
0.512740621218
-0.312550329997
-0.466390185717
0.718401324396
-0.492094630125
0.349966613566
0.842082889552
0.432321835667
0.31322546275
-0.438007941819
-0.285834035746
0.736339119945
0.681382975315
0.567327750245
0.25593491538
0.222420214214
-0.738700737348
0.278047567387
0.201677026923
-0.243073813667
0.330198138855
-0.277070722725
-0.307845611649
-0.247636056879
0.163745885839
-0.192261624245
0.536332099998
0.350981767506
0.434010337653
-0.488156061888
-0.229211848012
0.453199147186
-0.200363611783
0.221710654977
0.15267165757
-0.219531278732
0.313751801593
0.336325406161
-0.325808942443
0.190683090388
-0.166230585227
-0.362334547198
0.216033447354
