-8.33280432425
9.39110753002
8.10079203108
-11.2974006494
8.34675259102
-3.26362061774
-3.29575916223
1.48076563253
-5.02629468449
5.90302184638
8.18874105714
-3.1601551945
-2.82745745066
-4.58683074327
-5.47343257447
8.16130688005
4.89160803399
5.27740175611
-1.95121033081
-9.79003399313
-4.34947577435
1.85258386698
-3.72349282927
3.95506016945
2.91903979147
4.77592524101
-4.0114635769
-3.1631095517
-2.7534649245
4.0319330653
-1.35518546355
-1.59993793475
4.58540000411
-4.63313895593
-3.14060472724
-3.26060195113
2.13564476525
2.29134917283
2.76905643794
-0.839705190202
1.67316689018
0.789453595182
-2.30634302549
2.10074163358
2.02803051853
-1.6284194139
-2.39172619327
-1.98083675661
1.27830615509
1.35537070246
1.77381670386
-1.52255092204
-1.68003657333
1.50865324069
1.59584158339
1.99458414746
2.27154230973
-2.27485106709
-2.15157956388
-1.61567023204
-2.83230380716
-0.959812013183
1.70674605723
2.23765344054
-0.885226695931
3.71509873888
5.42590872757
-2.63057756193
3.80766619275
7.02445489768
-1.51216560004
1.51114409694
-1.13826348654
1.95254043517
4.34718054035
4.91567165043
-1.56637902447
1.22015908077
-1.81635034489
-1.23300160588
5.69754284138
-1.16714627022
1.79379621658
-1.25740723468
-2.00258956197
-1.81927582007
1.01163583401
-1.68348042574
1.29815293044
-1.17247144643
-2.2800574202
-1.21643402557
1.51204952352
-2.42653937054
0.702004343868
-2.36206291047
-0.780455903353
1.22970556338
-2.12924019835
1.06947363798
1.23280915969
1.31265978794
1.10671390851
-1.25274289141
0.423439870288
1.21238430327
0.733957529958
0.732009174345
1.20899742479
-0.588561391071
-0.993430021143
1.30052984335
1.01226850027
0.8413105764
-0.495974528166
-0.840337054655
-0.984135263313
0.710859914008
0.551974155016
0.644237404989
0.658240026814
0.776655513828
-0.969256386411
0.484614961522
0.711595830661
-1.75854677731
0.482869553499
0.686653405879
-1.06998093178
-0.734935200653
-1.85326934632
2.04174550627
-0.757531556478
2.08626680623
-2.04497710602
-0.533436749984
0.732127149231
-0.40372863054
1.47212108053
-1.05629120023
-1.86781493921
-0.617441343026
0.482415562043
0.597939245238
0.548088896208
-1.42020128908
0.426729568577
-0.533631104153
-0.353117176117
0.313021953339
0.61740557466
-0.368317688243
0.574986055207
-0.508852849569
-0.321990904116
0.871314938351
-0.421193832859
0.376387706254
0.757192134701
-0.203214326373
0.567093598841
0.38340899402
-0.549447345546
0.648201131147
0.201167844717
0.434786003829
0.316257647236
0.436425552266
-0.535890236929
0.401478072537
-0.478441749732
-0.122939683695
0.243817795954
0.325114593891
-0.232773661265
0.405479485569
-0.457454910169
0.404443297255
0.321183424742
-0.173493283098
0.304857809171
-0.367715311309
-0.251761589259
-0.259114149695
-0.167808545879
-0.255281020481
-0.295408289789
-0.196816309255
-0.185301128979
0.162734176494
0.375885719519
0.218901922454
0.197237157691
-0.342654776355
-0.30445538237
