-17.4950751694
12.4977444656
13.0390407994
6.1069943863
9.74085012997
-12.9307934413
-4.25570429899
4.68575955844
4.08638357402
7.06715421846
-5.73947235709
6.94849512078
4.07767251893
2.89166802297
-3.44976175495
-3.07062255813
7.38776398214
6.2622332657
2.58464918054
-7.8851920006
2.38270174102
-3.44717009155
-3.24711194868
-3.12212741742
4.30777338187
2.58831790983
-5.26716671625
-4.21438698835
-3.57054018624
3.37378799607
3.19636604561
1.68515712249
-2.35896954838
-4.18101861778
-4.12756981287
0.888072352772
-1.42805677291
1.87551630921
-1.04425713303
1.93317408104
-1.09225878401
-1.40121644985
1.19562328761
-1.53845889676
2.12786171685
-1.21588208694
-1.57547528008
-1.54352957872
2.0336070772
1.95040092629
-1.2321537391
-2.17785702658
-3.52087093377
1.82432975635
1.32233435156
-1.83384404818
1.48552565849
2.59682088672
-1.37341103717
-2.22966937647
1.21294663774
-1.94745342376
-1.35036737681
1.12615726512
1.5781122053
-4.6618038096
-4.78470547017
4.7533971768
3.94110170656
4.75434215025
-3.88364291801
3.99936010289
1.44401005459
2.66083545116
3.141912585
2.7903552985
3.87217908966
-1.46472021421
-1.42551659627
-0.900419689841
2.01553865028
2.3584634632
-1.39923292059
-1.53527654075
-1.88708388079
1.11479124532
1.42438444443
-1.13627711263
1.71860457417
-2.06497248314
-1.24368830369
-1.67144090025
1.81194210618
-2.07544539296
2.35071778563
0.768815754208
-1.58341003388
1.33646260985
-2.026828198
1.16946150146
0.742760883818
-0.858396162476
1.2430688379
0.947826088656
-0.956965661501
-1.04862551823
-0.636810453457
-0.881846179817
0.782522968694
-0.916717668423
-1.14430133572
0.769579223787
0.745771560802
1.00245237828
0.650864077431
0.920611263166
-0.921991473381
1.72433845066
-0.83528483874
-0.650984725254
-0.722618292979
0.656860818251
-0.704476122065
-0.92527164037
-1.06103217489
-0.530145244104
0.598914967326
0.691046945974
-0.513530411557
-1.04430110515
1.47071002782
-2.22503991985
1.60766101875
1.4711923985
-1.36319073198
1.26069756529
-0.776346380572
0.579708209516
0.932722812172
-0.865710681726
1.26270354298
-1.03994763198
-0.466454946424
0.457266207357
0.529509787355
0.629263074299
0.86121936163
0.60564302874
-0.415153183104
0.393480620973
-0.311296705946
0.682215866656
-0.437294870415
-0.545392201976
-0.638024143066
0.393796771071
0.831487581991
0.711590172823
0.955405529405
0.406728904214
0.292281432241
0.412577793802
0.546033809573
0.546470303143
-0.502438211183
0.216305428689
0.302754094468
-0.395516928741
0.332059561862
0.231774093898
-0.295428765951
0.279459051899
-0.370202067328
-0.259093306898
-0.318365111062
0.396430032169
-0.198102890371
-0.225850903588
-0.207777197465
-0.531475709005
0.261111382689
0.42215646098
0.602738355659
-0.21065851385
0.32073634949
-0.269294327373
-0.204513678362
-0.297047582493
0.351295630082
0.385596621236
-0.139528499271
0.282907289819
-0.197719322237
0.237942265902
0.169192600749
