17.6881850006
11.5633652872
9.23502690791
10.5461634684
-17.6898818278
1.72648196813
5.36314527043
6.67100220699
7.97072348974
-10.7836002899
8.25959234226
4.6102276482
-5.40763722928
-4.0344113825
-3.55845315082
9.37141152836
4.51823654232
-3.36154295186
-6.86747168332
-2.71076960241
-5.35714952239
-2.68380854932
4.81805194475
2.43624223313
2.19802079469
-2.57911845138
-4.15942324954
-3.01340849864
3.15287849834
3.07106754641
-2.81483659408
-4.11663211177
-4.58874266445
2.36467467366
4.3571835468
-2.69197697593
3.20180016011
-3.33391239556
2.30071011515
1.68461522113
-2.70222954666
0.983173312436
2.25151805758
-1.1361685383
-1.65445564982
-2.77548671953
-2.26160586305
2.52185421694
1.23242719952
1.92182404098
2.01765301897
-1.51562830127
-2.0386387293
1.92289093514
2.40482370264
-1.30550587706
2.1183313345
-1.48839570512
0.878088350265
-1.53957764664
-2.87450360018
-1.88922014878
1.97610958413
1.43105117608
1.62538143816
7.37684984048
3.04546918351
5.33504495155
-2.74341346107
-2.13754055406
3.86981562056
1.64712193291
2.86711489929
-2.33194600846
-1.31710135199
3.25864846394
1.00518189691
-3.00961658028
1.31262517345
-1.39536737723
3.0289116071
-1.28473043359
-1.13148420044
2.05714270539
-0.570569449607
-2.38520599027
-0.974011332934
2.01202131133
1.71722850717
0.813341993333
-1.80339673445
1.06684671508
-2.31098406523
1.26051583365
0.864986822408
-1.27663328641
-1.78349267582
-1.41494022468
1.23998123919
-1.32978398678
-1.719549302
1.07768957671
-1.6391401022
1.33449910255
0.747982741438
1.31248213082
-0.624108077677
1.00113516485
-0.938046373395
-0.943117153092
0.922885084391
-0.782409266615
1.03102963411
0.746543490308
-0.842452192178
-1.34143221576
0.692723884783
1.06261972042
0.55021676419
-1.23971828488
1.00509992042
0.87217340071
-0.842077917339
0.570739115692
-0.920379521353
-1.88241472699
-1.03752657165
0.877826007361
0.770919506039
0.755317454593
-1.64737750452
1.16169769757
1.84532845457
-0.771496300637
1.7556611859
-1.09619637021
-0.426765287659
0.937962588309
-0.627507668336
1.1367594162
-1.26690117971
-0.519192438927
1.13177945084
-0.527456274844
0.690272059267
-0.616944854921
0.363645454199
0.409618853544
0.655398727278
0.649749131852
0.633613895325
0.363676699836
-0.700621469942
-0.641088286014
-0.387621010388
-0.374902587404
0.385825421634
0.781541104567
-0.355027335654
-0.277975372511
0.386733110039
0.772819745272
0.629584502543
-0.434931454885
-0.557719677588
0.609682001216
-0.368074839797
0.735803026333
0.33697609199
-0.398630215026
0.317769373649
0.183076947549
0.328859659071
-0.294908442813
-0.321375826034
-0.355323723992
-0.367252266624
0.329326250719
-0.29802984277
0.376666164575
-0.466489742675
-0.240246609593
0.407827115789
-0.28309091631
0.360702481397
-0.281138093374
0.273795519166
0.270262298891
-0.252588256589
0.323749041488
0.555208092882
-0.449211604391
-0.37992164354
-0.259318377389
0.351911221421
