8.38717334261
9.22685634187
7.35109027379
-10.4714195093
-9.21745362897
-4.55172165843
-3.20730091731
1.54616005921
-1.78504859319
5.23864293379
6.62963818103
4.51632837623
-1.3436090645
-6.184049892
-4.11944318467
6.89424278328
4.75235214227
2.91424462269
-2.58989617189
-9.6300377378
-4.41045142675
1.79231644175
-2.1433036338
5.95179059511
6.99852282705
5.6099846401
-3.49744395011
-3.40624207487
-1.4048146439
4.33465502441
1.51944297477
1.72560226224
1.76508357844
-4.46054735299
-3.61007919121
-2.93931216757
2.19222979537
2.52942564828
-1.31699219317
-1.40465789277
1.75947946261
-0.699129366344
-1.44279096529
2.39191261749
-1.90432413265
-2.25351715276
-2.86104363372
2.38542863279
2.17564704342
1.26974448407
-1.47585015251
-1.60694617203
0.641172033477
0.889840738273
2.20487682607
0.94120094967
1.36950277571
-1.32336906099
-1.62378535259
0.940443228692
-2.1249775336
0.578278146491
1.67425955698
1.54581199425
1.30390254043
-5.02708361452
5.34686408729
-2.71682773742
5.22147265984
-5.79773749884
-4.16297025353
1.95232126179
-0.935994148109
-1.86397839882
-4.82618984718
4.6181990986
-2.12409488237
1.1360415752
-3.32672147239
4.24242473971
6.32409293571
1.25591585082
-1.37682738877
-0.633098027788
6.10266511706
-1.67326499057
-1.43763914578
0.951053475772
2.55165521875
-2.22604819807
-2.70826324075
-1.26251269777
1.61942917773
1.19726181927
1.47741811953
0.511496129309
-0.676539493231
-1.20168710603
-2.90866042777
1.65563383997
2.22716866789
1.00220521711
-1.36689165594
0.759175702651
-0.724791527248
1.61475483178
-0.475854029574
0.969219409435
1.29000451433
-1.56257076921
-1.04819497912
0.965346678089
0.843225299876
-0.807915846326
-1.16677577861
-0.979368003354
-1.21101927772
-0.552017920197
-0.619936016681
-0.868862064226
-0.519945546484
0.89450777455
0.847363220049
-0.639002598552
-0.476564002033
-1.56331849655
-0.433791998625
0.977310953872
-0.727502560809
-0.988970105995
2.23092458291
1.94183757086
-0.621569974748
1.89943681899
2.07813969649
1.13943030863
0.788671257711
0.202862152536
-0.619501821311
-1.36078695936
-1.84001943073
-0.882342075059
-0.250862422653
-0.924203611292
1.33732222754
-1.21279179334
-0.527999136546
-0.374818139367
-0.387634347139
1.95295620263
0.486008668543
-0.669428415508
-0.296234226019
0.834716252044
-0.533770221963
0.863073060916
0.68307679452
-0.671519496728
-0.375504762926
0.586690010985
0.179269854191
0.453930068141
0.679470900394
-0.934359544582
-0.509188263858
0.748623951322
-0.497976080286
0.495718730998
0.290680398792
-0.18759030333
-0.476359662643
0.233951694853
0.372807302974
0.338023481255
0.743681835071
0.207848430077
-0.305629129676
-0.295222475885
0.246558542511
-0.329190339155
0.280632948922
-0.301344684358
-0.263438655387
-0.168443868363
-0.428178217404
-0.25989904586
-0.366671151656
0.341504465974
0.26935380319
-0.184493831787
0.498504589942
-0.154257571523
-0.305482985832
0.203205814379
-0.373383501787
