-18.5855029037
14.8133256788
13.765812657
10.4396657793
-13.4867357418
-8.92984673266
4.52542914791
3.79349464975
5.45405355307
5.76338974803
6.55002215283
-3.03019194316
3.91488793278
-4.72066279853
-1.76365731569
3.11579880634
7.26139611746
2.72073537309
-4.36892442554
-5.08660632463
-2.42203223327
-2.81110400021
-1.73040965335
4.34900264807
1.67994895432
2.77298901771
-3.05770068499
-3.36871386566
-2.3230447051
2.88292906816
2.19165666309
-2.83745325637
-3.332653937
-6.40467208783
2.72808834285
-1.81139243434
2.12846147803
1.22299701065
-1.6071639002
1.04606792934
-2.57137246385
1.86156441288
-1.25301825557
3.23208209067
1.25725107072
-1.87907105163
-2.44573445209
-1.94891096335
1.68572348583
2.18616772772
0.690692317953
-1.96256625838
-1.63465994415
-1.16807689329
1.70855688136
-1.30869564584
1.23288229006
1.51257445828
-0.665843344906
0.929152672191
-2.02309061393
-1.98511940449
0.817811298037
-1.18299996879
0.97272494442
6.0974788506
5.30027670433
-3.16844562315
6.6928585331
-4.77076489944
5.01014286014
1.65836480468
-1.15101817471
2.92553418974
-2.77905119845
3.41005207141
-2.46562051638
1.02090942743
-3.14203832619
1.09288711296
1.99180746691
-1.9222147993
-0.917150793513
-1.44195107563
1.75593137216
-1.96734504517
0.979121318736
1.03181164551
-2.33769117616
0.793110573193
-1.27466158775
-1.61600780062
1.04042329425
-1.22536546864
0.823422051403
-1.25240273098
-1.4041794894
1.14332128834
-3.09849408068
1.06060203032
-0.806708415276
0.881952778639
-0.771560460221
0.855481489665
0.417975435412
1.38380115543
-1.35110980298
-0.507030552465
1.81033756903
-0.884504024337
-0.58197853418
0.766379308928
0.718050789056
-0.626874648839
-0.397401129795
0.53753784258
-1.28643658268
0.557267850557
0.655222421495
-0.626497878306
-0.543155727085
0.895065974313
-0.720254534181
-0.323906453924
-0.652913333247
-1.09554847156
1.30063419594
-0.37818994154
-0.855392419909
0.614985676916
2.09882153413
-2.19995380324
1.3232245868
2.45579246048
1.65093471516
-1.4250308062
-0.574644686253
-0.375036876129
1.23921590525
0.639881099688
-1.46891814695
0.755244972692
-0.820900717384
1.15577459613
-0.434810583963
0.512023031551
-0.73192413683
-0.31990623576
0.437674544787
-0.54342871055
-0.544218541474
-0.28965529348
0.42367140055
0.717856393271
-0.378079158302
-0.404727142989
0.596726790407
0.387210919851
-0.450344452658
-0.347829784875
0.399648531852
0.538895793201
-0.714537278
0.992577461679
0.283637126127
0.335039297248
-0.413378309715
0.238376766985
0.30562837423
-0.202804522002
-0.336049935599
0.612492284669
0.503286704395
-0.413809541287
0.227103229503
0.155960672378
0.252489081316
0.29767731234
-0.274274369239
-0.141092267868
0.159990754284
0.480146733107
-0.205932681793
0.182701256441
-0.189174468272
0.103528084903
0.311758851934
0.231488422044
-0.148142126497
-0.217543544276
0.342510932472
-0.399475341627
-0.123212314999
0.295402952793
-0.142419036614
