10.2387284906
8.16113475767
6.44941223343
-11.9647541026
-11.1255083
-3.98211111413
-4.33525731876
2.09259080364
-4.13184904151
5.1764093534
6.78585000432
3.23642706232
2.89416155677
-4.100885189
-3.17461459477
7.40739401058
4.49436361487
3.37479544747
-3.12973743361
-9.11958123718
-3.34366387011
2.66133926208
-3.90375444966
5.53249153588
2.97328926634
-2.03596964254
-2.19081350675
-2.39221737452
2.56896633975
3.5030233909
-2.55056152274
-2.67741097781
2.91036718759
-3.54304390838
-1.40036458209
1.79907096083
1.25432475632
1.68355383513
-1.78095398829
-1.23879308101
-1.13284166956
1.14021234068
1.13640185328
1.70266603061
-1.49790787762
-1.7277702956
-1.73560684103
1.78785356573
1.7401825141
1.42899199727
1.03510972358
-2.22133960198
-1.19792802896
0.71372839736
1.97012393627
0.864063754055
1.21970926163
1.68007486676
-2.43472034296
-1.78592107779
-2.60014726464
1.22766528301
1.12359764219
1.63606842255
-1.3696657623
5.83021831671
4.46442377563
-2.13072457244
3.35143645751
7.49576396076
-2.25088860912
1.56986815058
-1.30011145279
-1.58987783274
4.03595209747
3.39670320714
2.10015897807
1.368917836
-2.63866324072
2.15321834646
5.57167520719
-1.55903855836
1.46878322505
-1.28005928933
-1.12549955335
1.20891680644
-0.755334474701
-1.23380679646
1.85065861543
-2.29255403932
-1.55393529728
-0.628373302517
0.775158223676
1.16623875866
0.864938925213
-1.55376493273
-1.1648829176
1.50385188146
-2.8873115101
-0.84489356216
1.19143758101
0.51924476938
-0.91190159397
0.917691808554
0.603553500697
0.492170683764
-0.526176512039
-0.553693273359
1.15715651095
-0.743165885733
-1.25226338182
-0.663796154049
0.764511678453
0.538073583273
0.44794405115
-0.740048029669
-1.00460103049
0.604412988249
-0.709046347063
0.738712206257
-0.506262756691
0.467191922309
-0.635045003142
-0.879427122479
0.912790833423
-1.6055691336
0.710840631045
0.618501735617
-0.575262955696
-0.766793928017
2.29503915388
1.53442108146
-0.391181277752
2.55043856475
-1.8656628092
0.533676689135
0.56055546242
-0.527208171138
1.32641910534
-1.03355568642
-1.71323098537
-0.831912137447
0.475484343276
0.749316177785
1.44209248013
-1.32352191279
0.452629605563
-0.633340618205
0.344436563812
1.51903554924
0.51287191884
-0.427235883557
0.393574374835
-0.693288855315
0.6846975131
0.583449633408
0.324700696017
0.264686774253
-0.578516151123
-0.377701358157
0.491678283101
-0.481362721868
-0.521497340727
-0.774574640097
0.295092850938
-0.428117010299
0.10264661836
0.445801822532
0.298158242289
0.226625695187
0.161540361395
0.193906394184
0.201823644364
-0.351889786088
0.146214597851
0.411787511646
0.357076958126
-0.273654264802
-0.200610550557
-0.3277237261
0.166028237449
-0.337703959933
0.155388709643
0.245366330111
-0.154170510667
-0.173106907424
-0.139112144873
0.200236832559
-0.325381442107
-0.278627286295
0.653579019257
0.301882754942
-0.160332486599
0.200494846579
-0.527738786687
