14.2204997658
11.7238758858
-10.1862518738
11.6117189059
-17.0364441322
-2.25290169674
2.69177364681
3.52291558877
4.8953694999
-6.36192002018
4.82332105265
2.41003849698
-4.19855295716
-6.11723779657
-1.66988423932
8.03335766243
5.5158049147
-2.79355739384
-6.26338254574
-4.29288345646
-3.68747730542
-2.16076535016
3.66661050311
3.41754768553
2.68397973108
-4.57271761428
-3.00893091136
1.87806433557
-2.34306355378
3.36475841409
-2.74134266237
-2.64266161933
-5.79593535036
-5.8087063532
2.67535422977
1.70881298789
1.41414614815
-1.69555207872
-1.43554884518
1.55327251176
-1.92729875035
1.28331274295
2.92537621498
3.39493853869
-0.662846826666
-2.58556729977
-2.01518721545
1.81157432565
1.92210663485
1.1471885001
-1.81308737751
-1.5871090759
-1.21090070183
2.20635948112
1.51988099118
-1.50875534598
1.94756813466
-1.03210157939
-1.99894967621
-0.80057401707
-1.59326677618
0.547887902156
1.43272095998
-0.894437885089
1.02226798823
7.11136110586
5.0623639636
3.96655177684
6.00508898247
-3.64703915635
2.63787636101
0.980282485956
2.71004124934
-2.24612626832
-2.49765490803
-1.88863737187
1.61325580394
-1.98712763532
3.17115517848
0.66343777759
-2.75244131727
-2.38425090602
-1.6047063235
1.23082338826
1.58311900652
1.57347908323
1.29369141053
1.26243438108
-2.24881027369
0.66362408342
-1.84884311583
1.10069002869
-1.28518029164
0.947068642242
0.979941865667
1.6760556995
1.56661370856
-2.94031515891
1.5458545054
0.658798413001
-1.01115647171
-0.917514005272
-1.08356190152
0.50393602235
0.397752770869
1.42618605038
-0.935678354947
0.942302506065
-1.42169197032
-0.344913813254
-0.546136344078
0.873786275037
-0.60919513996
0.510643418986
-0.511697691073
-1.04160492812
0.873253273799
-0.558114691578
0.656217333273
-0.587138754639
-0.888823201757
-0.716279398929
-0.762672762185
0.987556031
-0.65356857273
0.429629900429
0.363251737416
-0.680887270377
0.511513030946
-0.576968851679
-2.2702128948
2.37853598324
1.44786694513
-1.84952143334
1.41613967497
-0.525882274627
-0.29141907551
0.774883818236
-0.482914369618
0.565014521609
-0.583882593136
-0.493851581724
0.934379386954
1.27265039445
-0.291298392033
-1.29316864706
-1.0947598375
-0.428465425548
0.530202291328
-0.444494327781
0.666968461816
-0.44300305556
-0.511385460341
-0.69642484682
-0.180212115102
0.529875668405
0.723916062318
-0.421508951478
0.391583721656
0.330283905138
-0.423096089724
0.535838862322
0.961641734418
1.01931735534
-0.180491853741
-0.481523068102
-0.425679547104
-0.29656653423
0.351296356844
-0.124817218195
0.351695957283
-0.420903756129
-0.500378656605
-0.539006653416
-0.127292622977
0.236835309457
0.25034809078
-0.199214565476
0.181263064989
-0.185326003675
-0.357490219153
0.337103994239
-0.253832325929
0.286327108565
-0.180934887949
0.345767777388
-0.310071158439
-0.248077297721
0.420340432174
-0.197429644209
0.143639529782
-0.121524077369
-0.19988074369
-0.207804225534
0.217656334591
