-23.7990042913
11.7545656959
-9.83530230453
13.3722180546
-16.0147935743
-12.4331656087
3.51388079879
-3.80487305628
6.02734484808
-7.09148031721
5.15678556554
2.97127344219
-6.88724482252
-2.00822159233
-2.54599874189
8.2967238652
4.87205737761
2.85156121576
-5.97332808079
-4.87605414542
-5.17003499162
1.32182706814
3.94260328569
-2.11962877933
-2.92760974803
2.84559109377
-3.55972308774
-4.16102931161
3.40039675023
2.86234443466
1.99861124406
-1.88633842918
-5.41095104099
-2.75119051002
2.40005579659
-2.01892446817
1.59255317582
-1.72288257276
0.992301072924
1.0660686781
-1.76937373665
-1.18865421059
2.4022143691
1.53480884905
0.783234896784
-2.14105384208
-2.14888784605
2.04328564072
1.76259891456
1.58635963102
-1.21228877355
-1.90319543528
1.06871611275
1.00430530879
1.17249030361
-0.610365629869
1.86597361731
-1.04875767346
-1.23552456492
-1.01025248722
-1.70423098795
-1.59384905969
1.2459669086
0.653756945511
1.29627057214
7.30414140188
4.24171522983
7.18933544026
10.2055801339
-2.80179588196
5.10922580816
-0.941509385024
2.94830353925
2.28586626964
-2.03041688257
3.57651370997
-1.01058624882
2.56699278824
2.02915984232
1.04848296627
-2.9210637193
-1.49073946436
-1.10143117706
-0.950295307809
-1.38412252605
1.9568450569
0.74963461545
-1.96216335023
-2.46195390611
-1.10464106885
-1.69290664936
1.03631697985
-2.71581868027
0.90978258684
-1.38768136471
-0.94544613487
0.946954318149
-3.0362989044
0.854493079682
-0.916367427373
1.420135408
-1.05342535131
-1.0323628774
0.714572169715
-0.528732347116
0.753765608345
0.429982398382
1.24606312961
-0.494381288106
-0.422661085952
-0.804567871509
0.777877203836
-0.68585267075
0.565826126142
-0.86778659973
0.915609384041
0.761677318956
-0.578593428531
-0.568520013083
0.745726967245
0.410004727974
-0.885834766781
-0.821205994639
-0.657208421021
0.636230760846
-0.671685202922
0.979686432492
1.0301510851
-0.374391313714
0.40114661834
2.37514255183
1.78823910084
2.53675986767
-2.73244657301
0.855048262487
-1.36906035723
-0.376461878298
0.65607964045
-0.800134744422
0.481404282628
-1.10535043864
-0.453954439609
1.26921135951
-0.645585942518
0.422191531099
-1.26933720512
0.467514246326
-0.41517631873
0.400590657242
-0.44517911467
0.977615002752
-0.255026128335
-0.582685629115
0.630999801722
0.441449200313
0.569299259661
0.368057281829
0.806699255201
-0.437558932201
-0.420243125474
-0.281688959552
0.254229326559
1.06338225789
-0.189036275947
-0.341932756108
0.434692852127
-0.290787454979
0.410414184834
-0.302376053028
-0.190940295226
-0.341700777844
-0.163962193075
-0.282140362572
-0.176534240836
0.198813724618
0.291290930894
-0.238672879586
-0.243143985275
-0.234008156883
0.38044576422
0.392627058735
0.224002437923
0.256603442514
-0.194646371157
0.355407973275
0.159505248734
0.311138383635
-0.27864057445
0.227446082547
0.224463196644
0.213921344391
-0.269021767436
-0.343994080716
-0.259892728585
-0.192628692212
