16.1450107205
10.053918184
-10.2085343303
-10.0415894256
-11.8166864348
-2.6722926081
3.99505974442
-4.32356133995
5.95102344796
-7.14178332036
8.14803270655
3.22384896134
-2.45385068725
-4.06764324358
-4.2598629301
9.42570641077
4.16913167756
-3.63845421107
-7.39040204392
-4.2029956835
-5.37782245515
-0.952205126608
3.86806357543
-3.10383255759
4.30981144925
-3.229913848
-3.79060045568
3.35309772237
2.90284019035
2.08615609143
3.00451725649
-3.5798645547
-2.96774130623
2.13321370773
2.12368255906
-3.39404640203
2.26198547792
2.54611269627
-2.56523797783
2.06905564345
-3.28176227915
-2.45484982441
1.54598736144
1.98563239943
2.12344163949
-2.72345816735
-2.84613937432
1.88620236461
1.6516186729
1.79445216918
1.55157009102
-1.92977699795
-1.49675119144
2.46312922341
-1.50758814772
1.3352397924
2.29928921569
-1.32613359823
1.43475565254
-1.40779869467
-3.30248795372
-1.19860481715
1.45391906412
1.47853871608
1.22706240233
4.55993049102
3.79575257929
-3.31495746629
5.36783118599
-2.11207329671
2.96455116475
1.65504337759
-2.78904107541
4.37449883723
1.99533541511
4.91810600958
-1.06396109762
-2.34387496055
-1.79415142044
3.9405581902
3.76277076368
-1.65002765096
-1.75886050185
-1.59491317667
2.65565119278
-2.39580088395
-0.642091928786
2.46168934943
-2.49757933989
-0.926419843732
-2.73376229558
-1.53225176361
1.75354551765
-1.47858625121
-1.23710022314
-1.06431521798
1.07357237744
1.93066284794
-1.53378561779
1.14892421927
1.80233737977
1.21572333415
1.17643116946
1.66872217262
-1.41281211728
-1.5113915002
0.886286424182
-1.10769451924
-0.815480671908
-0.861883141077
-1.83147296797
0.988885305249
1.46696509359
-0.575238761266
-2.03241983677
-1.00995714943
-1.16180627917
0.825051221245
-0.801649001991
0.60523059489
0.507654444957
-0.597424256811
-0.936590938261
-0.997764793754
-0.549817233023
-1.4099649946
0.733850921532
0.513346565558
-1.16072806686
-1.15254849474
-2.18301016809
1.50634600585
2.10725181891
-1.58724431921
1.55070978141
-0.945633085018
-0.526964242267
1.51995931331
-1.25656651153
1.00599396144
-1.52097680901
-0.479713489164
-0.716230464378
-0.79333145623
1.26973213597
-0.972962434962
0.415145260488
0.811224444319
0.437731723445
1.07622441316
0.550137541778
-0.20985088514
-1.041235779
0.901728498523
-0.542191069848
-0.913942353781
-0.541493118469
-0.808032942216
0.699852102986
-0.422019827013
-0.283309811607
0.48820730338
-0.866112116432
0.451603380148
-0.553309859312
0.76788165325
0.505543158021
-0.549565360026
0.627440437118
-0.366759260235
0.526109893675
0.419657045951
-0.441463094992
0.389523285533
0.188442154153
0.452642026688
0.380490676788
0.391504772059
-0.158161832676
-0.495058383325
-0.37027396258
-0.414900904934
0.32334776357
-0.283150047295
0.2745219922
0.156987847835
-0.271088817272
-0.331114260322
-0.318668588648
0.162027575833
-0.333306097645
-0.332684374233
0.185398918178
0.369981792903
-0.331665112011
