16.7537944391
9.10100541546
-7.53580479522
-8.48085112774
-9.64064709245
-9.85421616066
4.57932545295
4.23690164863
5.78278563751
-7.41278914325
7.94684641179
3.36053421121
3.89113017091
-3.41728399049
-7.2024513253
9.46950971844
5.39315031577
-2.44376625808
-6.29059806259
-5.44327463896
-4.06747307223
-1.87975622148
2.01382123705
-2.41847669869
6.97683654617
-3.80760146969
-2.65870749542
-2.41185171877
3.51175916092
3.09393123703
2.93721937975
-3.82477396191
-2.04372918912
-2.30079325997
2.51423759987
-2.44257518047
1.91862161755
-2.28565575976
-1.4718688189
2.83346869412
-2.92339214501
-1.40541539531
2.88804377726
1.76123360027
1.52020949595
-1.54358620324
-2.27460157249
1.45860834013
2.25577962822
2.72198646941
-1.97483319616
-1.38370738981
-0.923855782046
1.89054674635
1.7167725345
1.8529901292
2.20836748491
-1.00976432277
1.09666695537
-2.36217405683
-1.87254638931
-1.83937246649
0.888965910931
0.883072506592
1.5470193613
6.77844813513
2.78946923975
-3.40956923427
6.49235282235
-2.9883227009
4.98558473257
1.51259516345
-1.5901772748
4.24072503864
2.03749988301
4.77555527228
1.68431498711
-2.37760495663
-2.12161029226
-1.98210036234
2.7626510719
-1.51283987097
-1.27485507118
-1.49002093739
1.71313163323
-1.59565854998
1.27866920363
1.16446951999
-2.15564932605
-2.03839635127
-1.26299802186
0.61709648402
1.27859736759
1.38423030513
0.965823173264
-1.21327329087
-1.38921129736
-1.64532639452
-1.22069828393
0.764789292587
-2.1811986435
1.00342381276
-0.697833117286
0.414525789777
1.57379178523
-2.19707884614
0.793336493082
1.57248118997
-0.962982818807
-1.26365878449
-0.692910270843
-0.711320645365
0.835667811201
0.931546858214
-0.756499038306
-1.27488837898
-0.793895417667
0.761340311314
0.385474410705
-0.942494919653
0.712018128663
-0.567387581563
-0.640520747864
-0.630239658159
-0.91765212547
-0.717404356776
-0.843852969232
-0.497895699372
0.45366847889
-0.704357799767
-1.93616912455
1.47312613493
1.48087083051
-1.7843055658
-1.43886121095
-1.56773366703
0.475644941859
1.02924347702
-1.03574886088
0.955582862698
-2.06872653447
-0.311934971118
0.963570225793
-0.669762411332
0.848017159168
-0.880593177501
0.295401286862
0.44914872666
0.501829754245
0.567808257045
-0.69723268968
-0.38072682539
-0.567691786711
0.748119958899
-0.810942872031
0.336153538488
0.181934584946
-0.499266888807
-0.543974903418
0.359367752791
0.518124524808
0.473181695977
-0.644005385947
0.441853836305
0.282368553962
0.886281657793
0.194179391622
0.235405974673
-0.131494227669
-0.424193455176
0.522976407241
-0.256191135837
-0.633866002194
0.230783439955
-0.520634127953
0.250676382944
0.254271102067
-0.339651414131
0.286990141324
0.343652176897
0.336614001748
-0.29901794054
0.214753116132
-0.145562306274
-0.287615925316
-0.338917811898
0.243816583221
0.220599154233
0.317904569887
-0.306420841616
0.252723905787
0.336383213488
-0.177849744161
0.176172202692
0.220141164149
