12.246328841
11.2315595763
8.31899187671
-13.7126733057
-11.5728283696
-3.41027909956
-2.76664503728
3.41782288067
-2.77721703081
5.1366455528
2.79589693799
3.13160746882
1.62600991543
-3.35137494999
-3.54193185044
7.61666847568
5.8722415143
1.80893439676
-3.43649696868
-5.65185969547
-3.1172583748
1.89808605558
-1.138605235
2.74395314961
4.44968557543
2.63730917923
-2.61615704381
-2.32298056194
2.33745656705
1.82565354834
2.04563706857
-2.2716302519
-1.16557073912
-3.06485740621
-1.77824870377
-1.14650397221
1.61340629496
1.67206001216
-1.20514170459
1.48975142145
-2.0802562374
-1.66155237237
0.572382095397
1.66694989491
2.05408924814
-2.08822895385
-2.32772329752
1.85169554253
0.957293864251
1.69255780717
-1.31675225376
-1.8802579847
1.67195195683
-2.09996850933
1.4354507375
-1.18064648979
1.79235440792
1.22931530897
-1.58353105836
-0.995601428796
-1.4050955079
-1.26333666109
0.281822006092
1.50013506227
1.25345577992
6.88556411778
4.86620456027
-2.60141988977
-4.31750808929
6.93399710332
1.64427975149
1.79528227132
-1.55332751425
-2.53187387925
2.63858706962
-1.69702964059
1.92444209194
0.887957133827
-1.62365919313
1.9002576161
3.25089246344
-2.42570965278
0.788014146132
-2.02900742049
-1.23876678186
-2.02635569328
-1.07055290666
0.69451375665
1.6731324188
-2.86256637672
-1.26799691031
-0.90285679597
0.879172464973
-1.97744172162
-1.63387155875
-1.21736486082
-0.690527289083
0.605275702801
-2.52771442749
1.1562310175
0.754728042168
0.866893069262
-0.771851408222
-0.632508124654
0.834639020312
-0.98632094866
1.11849567157
-0.51335769964
1.07573991472
-0.920694531371
-1.23251478242
0.941127051605
1.05948446393
0.505017642771
0.605474403575
-1.04781373501
-1.31541780361
0.719859167939
-1.22821192155
1.01429339042
0.801280327141
0.88846990187
-0.600124621281
-0.799441528221
0.723865822606
0.619804890237
-0.542511604239
-0.345178857181
0.714904806269
-0.551777927295
-2.11456856296
-1.8509516212
-1.37047969021
2.12159029744
1.66761480447
-0.457624935099
-0.607761035368
-0.61342819153
-0.705819093965
1.29261523722
-0.634931725025
-0.844350166408
0.503738949042
0.781862917643
-0.86215599309
0.923146818037
0.775138077126
-0.292958151217
-0.508436421952
-0.495208697812
-0.904433977429
-0.458004305661
0.296598228038
-0.937408521225
-0.869492031783
0.425242132586
-0.390637148542
0.170994613066
-0.643755505658
-0.772706499438
0.494644106351
0.310889261368
-0.254812242967
0.854510722992
0.387334523048
0.366274752683
0.158949860187
0.2926869095
0.278445882014
0.358752024582
0.488063740625
0.426936209245
-0.116219046972
-0.484658846274
0.228186802649
0.293087313671
0.351767194596
-0.413671245227
0.1630663193
0.251826313145
-0.194635021941
-0.491106636332
0.201519493821
0.537473345961
-0.349462338181
-0.297553881091
0.39320443812
0.102467082596
0.316196724562
-0.253159713865
0.220482097099
0.226827491847
-0.0865419644208
0.236204796084
-0.23203135588
