-22.224810777
16.8322714397
11.0870083306
8.74135126175
-13.9973525286
8.28173098211
8.4653661334
-9.74670694369
-6.83507593983
-5.00087973707
6.47413461172
3.50803908972
6.45526498284
-7.10882108888
-5.11812994451
-5.06662001253
-3.48555174538
5.98596296095
4.7721967065
-4.60514575574
2.03089462171
2.55317941786
-5.94786237316
3.02921678511
2.84652249317
1.4550991967
1.85806171841
2.70554594447
-1.79786008547
-2.29558818748
2.29220213172
-4.79883967085
-2.07803098601
2.21951959711
1.80435754491
-1.50657019419
-1.5659248218
-3.25711674416
-1.86072818266
2.11314741526
-1.02163897482
1.42158580378
-1.63172285956
0.844646126938
2.1197118899
1.87520624255
1.56031787488
-1.27400972702
-1.75230391416
1.61563915225
1.0086660505
-1.81972178346
2.00595953437
1.06481819936
0.913413849402
0.931792507447
-0.788433065555
1.5390745083
-1.47907130216
-0.901338679028
1.06037057142
1.4991124029
1.76751316899
-1.49205936941
-1.0305864474
6.6101643626
-5.54895479441
4.9482702122
-2.52392410263
-7.96748344285
4.13487421407
-2.47483628634
5.56600441351
-2.32299706384
-2.74482378182
2.80744574812
-1.8080366573
-2.98221187085
-1.68727521452
1.04099649476
1.52702860681
1.13401572995
1.76347969817
-1.8953558509
-1.07965879148
1.08269058961
-2.31119676898
-3.10853110558
2.20546949805
-1.0009929109
-0.55951616533
1.01882202439
-1.30876103554
-1.14771904851
1.10516367017
-1.55364782503
-1.49990625319
1.3369675999
1.28198097674
-0.547723650964
-0.899554684059
-0.692365016358
1.51517294453
1.26748981147
-0.36040224209
-0.888583224776
-0.671340813025
1.04600501623
0.76480068064
1.37763433892
0.588965686487
-1.354517934
0.83176791497
-0.667856668037
0.811286266744
-0.74299630902
0.686230686097
0.963814934719
-0.926548853778
-0.402640384072
-0.481148758293
0.662094396402
0.897728725286
-0.813536975911
0.644217463923
0.451941349097
0.864617054784
-0.994593088052
0.430255548434
0.376064407212
2.66791948427
-2.41664778319
1.77053441617
-0.722780853465
-1.51061197004
1.42455910505
-1.24220227174
2.07977058498
0.86170073451
0.622644707839
0.685367429607
0.8067262227
-0.931364354789
0.672368269392
0.232170544946
0.52732938604
0.47367344171
-0.660418487652
-0.376540505674
0.530055463118
0.400563108983
-0.990352945273
0.987621652978
-0.617925965413
0.419755346375
-0.27707306397
0.482985012444
0.357769333635
0.358825082854
-0.308297550148
-0.471712095868
0.683652503033
0.493422336086
-0.335819718544
0.237534066253
0.320106696834
0.285005053571
0.46446742854
0.484501136967
-0.135621279412
0.296495989172
-0.138913162016
0.328458926318
0.214242703961
-0.553025556343
0.228732329784
-0.293298787584
-0.247285589431
0.305896370856
-0.285636764665
-0.247095573835
0.280906799619
-0.347265786137
0.263603565839
0.166149225231
-0.138804557245
0.285810788674
-0.429507204024
0.181612799158
0.1828258108
-0.156311144426
0.26313584415
-0.300902660863
0.143567267984
-0.154078229205
