-20.4387719105
-17.5329262805
17.9914874819
13.0886205778
13.2266087405
-6.87187758161
10.2059778349
9.73835757511
-9.9322767024
-8.9392522021
-3.59163548359
7.62751866537
6.75253304155
9.34250808601
-8.49896341279
-6.63539847286
-4.50708968487
2.82723276055
4.57657064981
6.68492708661
3.69069402446
3.42604263728
-4.46059335637
-5.45596758515
2.8993800985
1.92753851743
1.63548157956
3.74550785952
-4.21740029925
-2.65828802194
-1.61199916846
-3.07072591441
-2.79411057366
4.14618090462
2.52738263716
2.39783181572
1.57883307141
-1.28402397005
-4.02070193862
0.887795097825
1.57607430903
-2.18160417118
-2.11086637006
-2.6680202369
2.97386246382
2.15774440507
2.27264465747
2.02413059145
1.34345523967
-2.36252400754
-1.04939114247
-1.48697415523
-1.15203566408
1.39090221467
2.01460859198
-0.847229985531
-1.46867620742
-0.907346201999
-0.994496598991
-0.989795445722
1.74686533308
2.14110439229
-0.596612402464
-1.68860704554
-2.01507407647
-7.79580012971
8.54107447581
7.66238366268
-4.71178241078
-3.35042560516
2.46782654278
4.37268578592
-4.40652626362
5.40736872853
-4.25553511825
2.36801932669
-3.94880205339
-3.42920619817
2.76038817035
-1.29817031997
-3.41916561469
1.69625190097
1.82102697534
1.81942880611
-1.41560552368
0.974969810575
-1.14152707999
-2.09016669132
1.93058354884
1.16036148772
2.04705698062
-0.941714835168
2.51785998787
-2.07015990386
-1.36563765768
-1.10602004024
-1.00206260616
2.33714095535
-1.76329900655
1.36730579504
1.08210798032
-0.690687989315
-1.13134945509
1.83428445222
1.08728181545
1.38308880652
-1.03607321504
-0.978906205733
1.84307551513
1.72115221068
0.855377347647
1.05853890249
-1.20841054031
-1.00881108145
0.729963699904
0.857811336182
0.642110022299
0.470383732587
-0.854951518296
0.802743934304
0.628921293136
-0.81528644331
0.534525369433
-0.60564363556
0.828291092744
0.909808299731
0.771844493257
-0.379418653752
-0.934185413025
-0.996902864829
2.60550865225
2.00131406947
-3.17486913747
-2.54204489699
-2.20126486297
0.4935930091
1.15293644546
1.57697590724
1.56064886307
1.14991888758
-0.816925717723
0.994534247784
1.07918344013
-1.05849483978
0.473289261325
1.36786771272
0.634715887665
-0.650782461494
0.614750172991
-1.36217142623
-0.245951023088
-0.560335279979
-0.979303275595
0.684711216106
-0.424026120119
-0.764957999018
0.251506372809
0.804298642366
0.726116956869
-0.561734342811
0.244969737875
0.459017639003
0.568865938985
0.676904001328
0.667698707207
0.33560854357
0.25522516166
-0.318241720694
0.598883007977
0.28039912165
-0.390928656551
0.310846294936
-0.428784408017
0.696934797449
-0.646689707788
-0.324547937123
0.404196272787
-0.494044074659
-0.436308712041
0.305546731839
0.315699007994
-0.16491504914
0.138016256879
0.41442386315
0.258311005623
0.265072758497
0.337452953186
0.240482999795
0.260275747085
-0.215567528925
-0.312021402864
0.323858923515
0.154780338727
0.330603278445
0.360127217262
