-18.3823304193
12.3218205064
10.4506162756
6.76204276438
-17.7566002347
10.6461560002
-8.1054570417
-10.0726459882
-7.06475271619
-7.07229949133
8.02858627391
-3.9784079685
2.92489836276
3.13699643812
-4.95907269497
-4.7557987571
-4.20141410365
5.63981039756
5.2874131426
3.74697327308
2.31473268731
4.71720339372
-4.37285857638
-5.10602463362
2.6323945395
-1.44432829681
3.56501607773
4.10705778013
-3.11511353624
-2.48711996848
-5.1851847853
-3.93773449902
-2.90584622808
3.21251274209
3.61036669375
1.67943745235
-3.04315345088
-3.26798729588
1.8973058172
1.48737191743
1.8158187289
2.52903387766
-2.45389138032
1.59284662502
-1.21226647219
1.39573801827
-1.40191824564
2.22887465464
1.07934188276
-1.11099303005
-1.91379184633
-2.58871100279
-3.68325285122
1.85467952854
2.41412675137
-0.978727752838
-0.618193736966
1.35759970652
-0.885946330551
1.06934333981
1.28095033043
-0.605873260053
1.15455330208
1.11055777226
-1.26587610979
6.54691715674
-5.71856623083
2.95627110995
-2.11093856316
-3.07184392703
5.77869781681
-5.60169680506
4.69186915221
-2.91166669674
3.44171372264
4.59100088326
1.40786594818
1.83714803625
-1.71876001687
4.52420325265
1.91098828752
-1.3123751582
2.70143736095
-0.862860395133
-1.65377988845
-2.09368569178
2.70922006219
-2.71399968842
2.18838912491
1.04173796035
0.657871566746
1.65611742439
-1.49082540903
-1.06004882629
0.50807097058
-1.6488330511
1.76946435939
-1.49838278348
1.05726196187
-1.23998921655
0.762286576931
-1.20150908025
1.66549709386
1.29397370294
-0.464829507435
1.35396457376
1.72360865599
-1.86445259142
1.32206556912
-0.706595817104
-0.634945224564
0.49442126512
-1.3156938307
-0.806006503462
0.758584649741
-1.06160060829
-0.677186793849
1.94399903853
0.719263290861
-0.764703933217
0.590630803694
-0.577651226835
-0.936992076018
0.615630390246
0.593518245261
-0.923321754353
0.404983163583
0.519316324909
-0.845681219586
0.5068435113
-2.27583153849
-3.06637084689
-1.90810030093
0.462794774118
1.56615714531
-1.69834325957
1.87344391399
1.184622623
-0.919586246329
1.54619600776
-1.57256521303
0.854204077692
-0.619411418478
-0.76494750211
1.16663578521
0.549139824314
-0.668745803191
-0.737115446211
-0.447821832434
-0.426153622272
-0.816746713151
1.20072643849
1.27110109593
0.749050023979
-0.371436294059
0.254697624438
0.605231944031
-0.575949288227
0.343539163028
0.392029949218
0.729168187826
0.689722297463
-0.816961785716
-0.307557397994
-0.322328601572
-0.257417787955
0.306793384724
-0.614385375591
0.532584772527
-0.214650718491
-0.61698462516
-0.632184907948
0.551127836589
-0.407952922701
0.139849464592
-0.230212611468
0.191025361603
-0.525325091183
0.395048817741
0.391147788301
0.37510157508
-0.309795346815
0.683371476647
0.29409647489
-0.25906362424
0.243236965846
0.281946568907
-0.371781781202
0.210801889113
-0.269630027457
-0.27172270439
0.12949031812
-0.154383877486
-0.269206295178
0.225313018751
