-22.1314752771
20.7392768682
6.03205298063
-4.20089628567
6.01409164321
8.24167871467
10.152354228
-11.954470496
-6.89810050761
-10.5698837115
8.17590868524
-7.18193424644
4.59597410347
6.67885716296
-7.41814850815
-6.4659057781
-4.95454768443
-2.59156555665
4.24008411199
4.12031928851
2.59844600569
4.58177989414
-3.23149110249
-5.13470518178
3.93880740343
-1.74700902709
1.95799087336
3.11419689656
2.51584949584
-2.34193987971
2.41685590135
-6.64992567967
-3.27503533118
2.98715253855
3.00272904715
1.23320409915
1.04724285622
-1.47064361599
-3.25744524624
1.53870852244
-2.05266920058
1.25229700291
0.883562221739
-1.77496387898
2.12158173917
1.88557367262
2.14468963361
-1.46361206148
1.89183442274
-2.64643750955
1.38191389236
-1.5354682712
-1.34068406431
1.21043009988
1.2894970236
1.0259037731
-1.14004574512
0.978584567985
-1.19263055773
-1.5338113887
1.17778655287
-0.847503145723
0.833413959447
1.03010121863
-1.47366748465
-7.23084761741
8.46521664427
-4.80270749802
2.72596211868
-2.45393891649
4.17708175471
-1.78906702401
-5.81266537482
5.48101711887
-2.25906156082
5.35924683926
-3.95922237083
1.93310236497
-2.20375648301
-1.71164685885
-2.21289351911
1.74374452982
-1.13988856172
1.77832808531
-1.29902680126
1.67578120286
-2.60758508307
-2.01110950331
1.79943276781
1.950530367
2.40615343114
-1.14628056208
1.87456174334
1.20933929044
-0.989990806697
-1.88453881972
-2.9341103608
2.07975728629
-0.857687311742
1.08116020114
-0.73605976772
-0.413743936055
-0.707323849965
1.39784205801
0.757497938504
-0.780599114441
1.28140039092
0.274757612777
1.19650083159
-1.0760691672
0.89178042691
-1.07358648968
-0.651371643926
-1.23172192603
-0.997849197041
-0.667414987405
-0.709527683099
0.382854181335
0.738928789908
0.628569601567
-0.295318487373
-0.78240441722
-0.514777016405
-0.641619130547
0.757691121027
1.04497698604
0.613556770267
0.444755614986
0.850452636956
-1.19739613979
3.02906469568
-3.25922114684
-2.34332848308
1.78433176828
-0.756036366088
-0.980070991921
-0.660186469302
2.08521259226
-1.65405851491
0.917640551951
-1.45892247897
1.22631761605
0.715768446239
-0.726637654102
-0.3447289715
1.16031236033
0.504565777442
0.584057686231
-0.586326221707
0.565551601128
0.614815920172
0.994900991552
-0.906145029548
0.83338868983
-0.580850047215
-0.603309529448
-0.53062835858
0.755210576356
0.461378053173
-0.276171811593
-0.77005900155
0.912156983178
0.509848286359
0.332512090325
-0.438437903039
-0.208020175169
0.208045708536
-0.198666470107
0.573652163729
0.347638992248
0.28355422369
-0.239064743304
-0.0801557743823
0.368671227496
-0.318745936323
-0.279514573928
0.427251231046
0.293516680921
-0.421399935277
0.258202968616
-0.229843456745
0.179634802426
0.215770845787
0.271148171342
0.184160809861
-0.173060480212
0.277373475148
-0.154756812125
-0.179051152615
-0.189611448485
-0.442810097798
0.19455477198
-0.162221335242
0.359467231201
-0.367364825086
