-12.9755993245
15.6549441235
-10.2942911679
3.85070049712
4.3718585076
10.7496402918
7.65777178606
-11.5716679522
5.11540616354
-9.56273424292
5.80444672535
-5.5803459101
3.85938432643
8.91361595603
-7.06964535363
-7.84202092886
1.58310619048
-2.99375538167
5.1847135396
4.68259676751
3.3703563741
-3.1096139761
3.84132234901
-4.64166577524
4.47045183313
-1.6734422133
-1.9833576555
4.0071384418
2.56630762671
1.65445079108
-4.0044343297
-2.80278449071
2.05228745122
1.68846845444
1.89311208727
1.46558297297
-1.69199932865
-1.81360397997
-2.11559868544
-2.0519844719
1.35760849981
-1.22935992454
-0.944811853175
-1.63273050612
1.63345017025
1.58807512609
-1.40029288129
1.61681179213
2.42556042258
-2.08361496055
-1.42680815917
-1.11094726445
-2.18914351293
2.57179594287
1.43956180086
-0.777799798972
-0.734251313157
1.32411305096
-1.20842899616
-1.41646866717
-1.08758233196
1.61089938818
1.27594593417
-1.71699513551
1.77260516123
6.79722812226
6.46638678244
6.1372498715
2.19717808474
1.52046242356
7.75597210099
-1.955789332
5.36940525548
4.7916933362
-2.83566740593
7.1787236046
-2.87030165898
1.31702099506
3.06583761585
-1.21434150729
-3.55411999241
1.327910246
-1.40825732196
2.04512509141
-1.51204552794
-1.60655627217
-2.05143140083
-2.34481225924
1.56005498343
1.4267334059
0.616340479486
1.05412795352
2.15114111484
-1.40701559065
0.95789625563
-1.67763868845
1.16693818412
1.16703962087
-0.800712673001
0.635670354371
0.744153827999
-1.01352585385
-0.988473715687
1.21021386229
-1.12320128013
-0.662930587879
-0.654770379514
0.705635025531
-1.00773344973
0.783803807209
0.802427983214
-0.752841453391
0.856441291477
-1.47322699299
0.534202801248
-1.00336432925
-0.406081077681
-0.943806499582
1.17433816641
0.544096389961
-0.215138589539
0.359312365109
-0.400865318179
-0.557746795288
-0.904242387075
1.52135493527
0.623429148498
-0.829585655834
1.46021345023
0.979922278815
1.63779510993
-3.03521802726
2.37974301017
0.771771839724
-0.725093758798
-1.89667878614
0.582136597321
2.50954186427
-1.56224823657
0.561502266563
-1.88862610671
1.33034555819
0.796334280561
-1.13896413148
0.242149162733
1.00066673215
-0.564929436663
0.652038069432
-0.364030217593
0.477082426291
-0.5927195154
0.891869092732
-0.863306206648
0.681534512515
-0.612619484526
0.270478059223
0.570886169652
0.605247083341
0.648760617721
-0.332636155461
-0.397133674299
0.711144218143
0.384080784542
0.183228250273
-0.269838658929
-0.304850247093
0.376990653421
0.365176124342
-0.40681444642
0.545687337017
-0.237815939473
0.197776115068
-0.247021584842
0.441747261254
-0.261938468973
-0.229543720226
0.311760362399
0.234633136252
-0.469450881848
0.274335422776
0.352656603757
-0.313721464671
0.422957151066
-0.526083104983
0.292380614939
0.0572500938757
0.127912216709
-0.226945916986
-0.27538598302
0.414165092535
-0.427743630325
0.31995018445
0.304453020124
0.518842249748
-0.490165088399
