-11.257804345
9.93368260237
-9.38938091195
-7.2717976037
9.69779118272
4.82322158697
8.00555295427
1.9233575186
-12.8265921038
-5.39863323605
5.24140340417
-2.29304084121
-1.15124056555
1.14617433721
-3.41509592614
-2.18482655233
-3.70954196062
-2.76229973151
-2.00132934234
4.76503137124
3.13471254502
2.87988652956
2.00431146637
-4.1971489241
-1.63182936228
-2.53837965862
-3.04968941708
0.622080597354
5.34548488329
-2.78205041284
1.73595357685
-2.92520780641
-2.96602867773
1.83838651248
1.91002704377
-0.863572490383
-2.18094836724
2.41987553849
2.74370704761
-1.79478149816
-1.36903077543
1.31472732497
-0.799888052318
1.55556831744
-1.17837755196
1.71345486695
2.51636936008
-1.46527854477
-2.03445668118
-0.546667187036
1.23323216048
-0.952660159778
-1.18333594374
-2.52985725101
2.52409767338
0.394935829679
-0.895315764106
-0.662347917469
1.93765597861
0.807389974075
1.1501882602
1.00139075112
0.894745267901
1.21595328887
-1.52191219073
-7.25271855392
4.81944262195
-4.61843005024
3.9852078511
2.6075523406
3.97491698217
-2.88777551787
-2.79780709331
-4.55639016093
4.75137091121
3.37050178419
-1.44065751
0.898553562363
-1.15297473748
2.60249242445
-2.78409638821
-1.01479388565
-1.36180755933
1.58416712274
1.55967203204
2.63981578131
-1.30035011422
-1.46742585561
-2.44840798019
2.17679212281
-0.910934056103
1.35841931929
2.13283588672
2.32228203262
-1.82364948382
-1.29983685575
-1.35969767633
1.6799909477
-0.726227771617
-0.461779501847
-0.493820991719
1.03764959553
1.04177645419
-0.779009396337
1.07000464408
0.596557539146
-0.66600716091
-0.953686909996
1.00217766755
-0.656441635878
1.01378113226
-1.07788718827
-0.605337246345
1.1181452258
-0.750851243743
-0.454932632114
-0.625534462527
-0.433312488913
-0.894769861137
1.25982205422
0.759886579259
-0.563412161266
0.288530304958
0.831659276055
-0.982271554642
0.821216318278
0.43013809982
0.688718899356
-0.749475351854
-0.629215790933
2.40160221277
-2.14713182941
1.92710631596
-1.72058946219
1.31048090668
-1.00987466222
-1.12226923563
-1.08820001561
1.47139631306
-1.26803925515
-0.950755057931
0.552216577409
-0.326495282912
0.925403307126
-0.825279395271
0.696894661503
0.50894776566
-0.651324111055
-0.717685016883
-0.687847357872
-0.603264666049
0.459738216754
-0.695619363055
0.72281030424
-0.582809489711
-0.48891497397
0.326497378159
0.64827869889
-0.673049227677
0.56042400451
-0.392627143055
0.272003587595
0.480280910457
-0.259983628303
-0.192726632521
-0.265315575708
0.385820577818
0.276394270818
-0.455196462631
0.364406112039
0.134861450326
-0.328895473174
0.238297856431
-0.261802933954
0.271810702071
0.310176698339
-0.328337097912
0.326977266079
-0.397358142361
0.170190511825
-0.214059943907
0.235877264865
-0.192200915293
0.366339752204
-0.369969287583
-0.168085056076
0.145018057866
0.172756587141
-0.453482707674
0.232566249216
-0.220966367683
-0.201593671282
0.266238871166
-0.359548562803
0.234431310974
