15.4524025406
7.29831384975
10.1692278229
8.92762709699
-15.4629268811
11.2016247289
-9.65233889488
-7.28519414387
-4.76185641573
-5.32778378954
9.78819818458
7.64113367193
-7.03844196525
-9.25533004696
-4.93729777825
-4.71878225798
3.82470077937
5.78891180957
3.34872834991
-4.42429288752
-2.14059079777
-5.44826294717
-3.84159221478
3.26113562035
3.8872495055
-1.56163040211
7.33795820754
-4.56746088439
-3.03747893141
-2.63884924579
-3.04243157078
-1.78109619078
-1.2486775704
2.58536341894
0.814654922363
-2.98382159611
-4.69786508533
2.18300887185
2.63578424404
2.65254801685
2.09140670632
1.04091788425
-1.87656532347
-2.24630188065
-1.5234452558
2.922132986
1.39514477435
-2.54024403131
-0.990165397593
1.33238013434
-2.22066330799
-2.70640982559
1.75397274738
1.72326203095
1.39367435368
1.10087389662
1.95995191553
-1.67348873957
-1.19600223252
-0.725774027825
-1.12243007201
-1.60434458841
-2.02791466353
-1.28573905544
1.54916003584
6.79723546524
6.358649352
3.58618633633
-3.20650170779
3.93308908331
6.11719146896
4.84602387519
-3.74561905436
2.28639925725
6.64354850016
4.50881485472
2.40758207681
-2.34677933362
1.97061724885
4.0050953446
1.97259165661
1.89821797203
-1.30209059538
-1.45234790616
-0.686014718671
-1.85186582445
-2.79684336567
1.03360061424
1.25899584378
-1.80122547141
-1.88889523685
-2.37448094948
-2.17938942707
-0.792483838075
-1.38813152911
-0.957481136859
0.841757649573
-1.04176715325
-1.12231490762
-0.596507659863
1.57737861764
1.22417773913
2.32624711272
0.802128928453
-1.70884534438
0.962814690344
-0.758575524193
0.89654465911
-1.06303885983
0.682452033985
-1.19241552023
0.789905805798
-1.17223615583
0.60985752743
0.878621980922
-0.710424776353
1.2243972117
1.25493175107
0.406808452192
0.717436079002
-0.835367463034
0.872114176395
-0.975877889451
-0.570415420635
-0.653266403961
-0.798503440574
-0.955844437472
-1.07053074077
0.606234753878
-0.94684953852
-2.78931254092
2.18804578086
-1.13108025421
-0.924993937985
0.822525233394
-1.80776035149
2.03622501891
1.31432829905
-0.818608183847
1.57024318356
-2.05173410922
-0.821326944078
-0.69024935276
0.627723977293
0.878566005328
-0.727403907965
0.440551278484
0.407522151657
-0.443233354087
0.2571311462
0.499196240703
-0.88187947983
0.264847899311
0.352107358337
-0.389032295273
0.480802685228
-0.687656567388
0.827500176025
0.288003931065
-0.652230115547
0.325156500544
-0.305511774176
0.321338181073
-0.288657672922
-0.250816910142
0.821555990506
0.751982771965
-0.715496834382
-0.328455714487
-0.565761219863
0.318925234548
-0.294429951355
-0.348604905632
0.376713003755
-0.245199963496
-0.517759375287
0.31214490839
0.508905917724
-0.247191014714
0.313122305005
0.331884797131
0.508646433027
-0.45875571558
-0.143810279075
0.283175151104
-0.225970436565
0.306060601866
0.329110965029
-0.227244323711
0.180596897604
0.205490299278
-0.402747474297
0.480538616988
0.21657189045
-0.341495546222
