-20.4246734965
11.0587696219
-7.4924539591
12.0992190929
5.45155679053
7.92802926471
9.64317258506
-13.2494486075
6.52528551649
-9.43605897933
4.44007348199
5.22127506871
3.14677991049
5.38247569735
-7.8574472885
-6.35142774324
-3.59686316596
-3.63237165568
4.98789000375
6.40691898658
1.71613652265
-2.25941019183
-4.93846731638
-3.30027271609
4.46890990116
-2.05748600728
-2.54377433206
5.49403272491
3.35538134026
-1.89179426218
2.12166870137
-3.27333105355
2.6880397998
1.21198513573
1.38794777945
-1.84085429001
-1.75731051724
-2.64149862348
-3.32873837637
3.85366245862
-1.14443206915
1.07795253949
2.3942823245
-1.32156274294
-1.64260228107
2.91219155018
1.97029920603
-0.947956554906
-1.34780524037
-2.17060076603
0.77353591085
-1.62098497531
-2.47400797035
2.41874778105
1.81278354732
0.916835458388
1.8318644728
1.64638298288
-1.25522766139
-1.89911870614
-0.668083438054
-0.661687053756
1.12479376597
-1.71598860696
1.37639627475
6.6753782463
6.82707120491
3.21682410104
3.31527153995
-2.36471344055
4.93924143643
-2.16773756441
6.56520882281
6.27480286517
-3.17055018355
4.44662708744
-1.78781317038
1.80255627533
1.94204464424
-1.90628664347
-3.63592684225
0.752713542367
1.6295230151
1.95762231182
1.07675123233
-1.51073642198
1.38237279809
-1.95676796134
1.91112558899
1.15124862537
1.33146845816
1.18345466353
2.8406023526
-1.27882257586
-1.0081594632
-0.684884313456
-0.994993530472
1.55748586471
-0.449423662789
-0.927401974355
-1.85767912143
1.21997937751
-0.978266168364
1.15875120577
1.40606064279
0.603197163489
0.740998653061
-0.897457290448
-0.591714546953
0.876845190077
1.19184720817
-1.16269683984
0.407387699145
-0.845223798155
0.818226759473
-1.0422154252
-0.920280013024
0.94275230719
0.825069994828
-1.59251955849
-0.585898575387
-0.647722702345
-0.885354483963
-0.736012510888
-0.572727702766
-0.512229192377
-0.272539448947
0.602827028276
0.541051791718
1.43806891863
2.61645133661
-2.09055182108
1.65169761343
-1.37965636477
-0.680395048561
-1.22263886534
-0.678263426772
2.33487566612
-1.93698699177
0.961623714518
-1.08250616859
0.515300160202
-0.593747543196
-0.912391697478
0.294025622583
1.28737018511
-0.262331119442
0.555904251675
0.929842371943
-0.346554740027
0.332976317884
0.419431056337
-0.595118833064
0.486911696831
-0.193214093277
-0.460748173563
0.43538183552
0.873070971003
0.263522011862
-0.182495241512
-0.266489297746
0.390857606415
-0.519139047591
-0.246029030365
0.434619098728
0.415678016806
-0.296462579391
-0.288981862723
0.395544599761
0.537239275705
-0.16696750885
0.291368509336
-0.362640310425
0.366411235422
0.210335492443
-0.264742569388
0.424167262219
-0.214006926282
-0.31186749255
-0.30124054213
0.352937423939
-0.215163680886
-0.297455677272
-0.55130880027
0.456351057189
-0.214548507988
-0.278604460581
-0.185965851051
0.251452663859
0.178341841294
0.111540464051
0.163115304296
-0.199718474463
0.488070034293
-0.370550900762
