-23.4560238129
12.0872524244
10.0672387157
10.9877834804
-11.8131476733
-8.27384918096
8.77026519906
-12.4765687507
-6.0846670098
-4.80747701053
5.81074079104
5.06834003941
8.83579433578
-7.83692937542
-8.86909233298
-6.39967379268
-2.27544058532
3.39849077125
6.88257954845
2.57800094316
1.68540874674
2.22357688581
-3.72631415361
-3.75229904133
2.72009719858
3.07377023144
1.95117581664
4.46875878938
-2.09489681272
-2.81553040408
2.71690499723
-3.35350289328
-2.21553906842
-1.95231773987
1.71000354799
-1.79508057108
-1.94658058086
-3.46490244586
2.97112455997
2.18837733017
0.96729209345
1.99181431738
1.90810366785
-1.76428986703
-1.25105200717
2.30877102626
-1.45583918896
-2.32967549673
-1.69367970138
-0.804819183657
0.598901141974
-1.39632065686
-2.35979176765
1.65108499783
1.15728703669
-0.590064952651
-0.848794666065
2.0964856431
-1.62036356898
-0.708358996888
1.39827940339
0.877775172001
1.31648367451
-1.14597424621
-0.662371739199
7.88213099411
6.23221576816
4.14904166945
-1.98693884908
-2.74375810519
4.60187888465
-2.64567631365
5.73405219044
-3.78318662983
-0.791459891503
2.65733708146
-1.87239625998
-2.85814516336
-2.29870078966
1.1676269054
1.62594308919
0.513229839188
-2.34136601504
-1.37104285911
-1.45946623977
1.07940263539
1.52586853906
-2.06643094007
2.1746930765
1.17448538452
-1.17401081844
-1.31351051219
-1.64113318845
1.03096459755
0.879269882371
-0.780177763968
-1.62121406395
1.08983395187
1.24529296122
0.677939571168
-1.03615836135
0.857576158933
1.12721344833
-1.10793142276
-1.09979558253
-0.846527315793
-1.25244014659
1.11962332881
0.787650397401
0.482748953141
-0.711876703055
-0.695486725006
0.965591721004
-0.647389861167
0.3384576835
-0.454067356496
-0.766044083688
1.17625106847
-1.10164975102
-0.653459831131
-0.361466388346
-0.521252462306
1.07955898421
0.834998624028
0.454881559611
-0.662908204953
-0.497460768933
0.579015858486
0.813374145692
-0.444356114729
2.11956917255
-2.72681276112
1.05573247479
-0.532985095173
-0.945573108417
1.0099073901
-1.05324059849
2.55789287374
0.866965278261
-0.413074196195
-0.95682002228
-0.554042345853
-0.701888831214
-0.468409436758
0.623662935143
0.832338534157
-0.211767231489
0.843869685561
-0.475753225938
-0.649073798675
-0.510492591856
-0.630630417695
0.722867531454
0.541753427351
-0.51845096615
-0.509111955534
0.558265192186
-0.525094310758
0.314303107631
0.533627894181
-0.543751911407
0.42887628591
0.403997671742
0.481699633848
-0.258650025043
0.291577124704
-0.362840837676
0.354553849599
-0.558786217771
-0.435610952774
-0.329619852876
0.395782744976
-0.30893861321
0.290270500514
-0.173504788654
-0.287537442033
0.204748667735
0.308282573536
0.173637468465
0.178327074612
0.187479613319
0.33160478664
0.394164971688
0.316323439546
-0.181769577286
0.149437796306
0.345252704808
0.224759722878
-0.261324051369
-0.143311808641
0.230491100171
0.229776776108
-0.175992305142
-0.28219059399
-0.135878729786
