-17.0800329087
15.9303824277
-5.80867867046
6.06623095393
8.40303048564
9.77185371848
9.25843374928
-11.7264801778
7.39410609324
-9.48507315647
4.92894921845
-3.9227593555
6.85113155031
6.70411161515
-8.13885891551
-4.10516105116
-0.943419588047
-4.4706729387
4.78647208527
2.63308210925
3.41741483562
-3.49450322213
-2.5235345243
-2.76743103778
2.7060095228
-3.45211687708
-2.88880775378
3.53273278817
-3.20911401278
-1.66646608065
2.34728917541
-2.72472667357
2.49545599553
-1.70243497854
2.44482732929
-2.81149229427
2.52715476991
-3.50879642187
2.67434007175
1.99551987103
-1.3443033217
-0.912766152187
2.34365464459
-1.28208938918
1.65686546282
1.52280709938
-1.14113224094
2.10612075346
-2.16522094895
-1.65434623208
-0.936809067847
-3.56006481527
-2.45489418322
2.28885091903
1.4939145547
0.979148504419
1.34749088221
1.64408460408
-2.08195325448
-1.3553315047
1.41503562807
1.1249413844
-1.25122633349
-2.0488764671
0.690918268113
8.38795014331
6.97268113524
3.71382157818
2.64790449778
-3.30635570156
4.29916099697
-2.68545878157
-5.93076432398
-4.32006137134
1.77030600147
6.14651923637
-2.89189220904
2.47117795044
-2.00393208044
-1.9507923076
2.18781265871
0.84189948431
2.62167144832
1.45923081593
-0.445087047887
-0.697857266657
1.8340525739
-1.39863998146
1.35113721076
1.01303153865
-2.68470157169
1.1372129042
1.50074556015
1.31514752636
-0.747596712977
-1.73903074338
0.428002742819
1.10195008848
0.9631272775
-0.604914300798
-1.47626063505
-1.04794925442
-1.20635227703
1.43670470078
1.09991008514
0.82051694955
0.537854033243
1.47929003735
-1.21638520217
-0.801926134657
-0.761536669678
-0.909706406575
1.44391513041
-1.27440937747
1.01651145738
0.678332072036
-0.906493274274
1.64084064411
1.10768500413
0.515753986992
0.811448330283
0.681818043939
0.76042177441
-0.691888887644
-0.823615026679
0.854930372337
-0.400198810559
-0.704853812168
1.01418850721
0.482452548464
2.08092082388
-2.69534818666
1.66376019299
-0.959771573468
-0.823171231603
-1.24325250916
-1.05702026559
2.70241424349
-1.66873893092
1.10715366177
-1.96135239542
1.23401625197
-0.789603482532
-0.973076945654
1.67450091135
0.657236687826
-0.591767153379
0.617975812065
-0.54923426651
-0.441246052223
-0.261486717207
0.815826238013
0.528122399383
0.28304729798
-0.331772429258
-0.89471837113
0.829783243361
-0.521368220357
0.602024184183
0.643050313571
-0.774792924266
0.441533196454
-0.506083982288
0.291655508483
0.253532732608
0.715584957045
-0.393598095193
0.431422520727
-0.634257764868
0.362558291375
0.230166492879
0.153780663829
-0.666917203445
0.298332269125
-0.292695890855
-0.132740453613
0.214757311765
0.373648072481
-0.45882140646
-0.143740975499
0.39550578372
0.636833479595
-0.53232830462
-0.329586838366
-0.349494028076
-0.400353714771
-0.266006516745
0.285657449363
0.208083902952
0.428338402778
-0.347522502854
-0.190462950812
-0.25735762609
0.400112899149
0.283993967119
