-15.2650611499
13.1743423556
10.3203844321
13.4462672661
-13.9539205956
9.37931463779
10.719336872
-9.07382333569
-8.73615300077
-5.96032848361
4.92402663547
4.63204194851
7.12438285961
-8.99360360765
-9.78786962575
-5.18198589475
3.88835949534
-3.22161741571
6.54661869496
-4.17323584967
8.0127017373
-4.35896456469
-6.35188744979
-4.39170216764
3.79786495403
2.86950921035
-4.50695532478
5.05154661596
2.70005547932
-3.13711878351
-3.59108489957
-2.87493961999
2.33991065001
2.5434914857
2.49217849594
1.71325805622
1.69176949301
-2.33709362241
-1.53112448525
2.43519395572
2.69791363853
0.729364822118
-1.1294836495
2.35060874534
-1.74095344937
2.9292091255
1.83000093836
-1.24175411934
-2.11737610684
-0.956928948408
-2.33427160543
-2.37041705748
2.50858824007
2.46392934412
2.03290385931
-2.17951238711
1.30297550873
1.9864976522
-1.79324993982
1.1230642212
1.82011223916
-1.88012975944
-0.896172807063
1.9626149992
1.19434633171
3.3123540489
7.31733297461
5.22154272512
-3.88499559254
-3.78940840159
2.43276705482
-2.79845916488
-5.84139914835
-2.58346679799
1.23330338729
2.52410792436
-1.57806442537
2.4321094223
-2.42591160907
2.16693975585
0.848408810645
2.10599570358
1.87951369831
-1.56202418734
-1.3622908572
-2.55821953611
-2.81147217634
-2.42681179601
1.88420212141
1.07369918063
-1.44465851529
2.63713054966
3.07424475142
-0.9047575342
1.13237002315
1.20401361109
1.38162320328
-1.20060996121
1.89944144137
-1.09184029634
-0.888287159843
1.39516907168
-0.993937460257
0.556909210923
0.716456965138
1.67207992781
-0.73021923893
0.592674325243
0.825558575672
-0.58442801883
0.579694864374
-0.988160983209
-0.728740623265
0.56771666958
0.500575046179
1.18724592958
-0.797363760918
1.16650496837
-1.39867481318
0.921066891125
1.10093044624
0.787962904336
-0.752973813887
-0.45776056326
-0.838084801995
-1.26823419237
0.622444287662
-0.427899464444
0.7753833293
0.789149836745
1.78054382804
-2.65362566866
-2.25738710761
1.18248219614
-0.727107946327
-0.867106355768
-1.64368078775
1.69764788135
0.553334776578
-0.522499711243
1.01676125289
0.722670268426
0.872722755163
0.493304338544
0.610588483154
0.524926796687
-1.01135565105
0.686134069359
-0.567006056985
-0.431253571018
-1.16037548623
-1.08294331576
0.583119886846
-0.81460065368
-0.41366429773
-0.655087128449
0.819709266807
-0.86538653661
-0.260989642367
0.468819081018
0.456209713391
0.495018918808
0.645311546773
-0.540580562275
-0.46306387216
-0.27755694947
0.360576031584
0.273771649655
0.171809713277
-0.242477783114
-0.58304552539
0.330761824293
-0.261052521766
-0.400217269215
0.148339097551
-0.305199643476
0.419144402565
0.21109428918
0.183393278217
-0.169701512555
0.356702839425
0.307100806393
-0.493349054434
0.630212633761
0.267468583
-0.374587626561
-0.185317895594
-0.121310515872
0.199816219876
0.31384007911
-0.404965269615
0.284675121335
-0.213452945928
-0.320469622829
-0.251079837629
