11.5865919337
-5.64123847675
7.59916918714
7.90967537203
-17.891786615
11.2988764964
-8.96809561301
5.23414704527
-7.28280160535
-4.44324312466
5.13758433676
5.06010555634
7.29995724182
-7.76412812929
-6.76534803984
-5.91639217626
-1.59951428217
7.17688979566
1.8210710165
-4.88866834829
-3.6472175862
-6.61413778107
-4.13344909366
5.38397028741
3.32349472484
-1.0037949056
6.25843318901
-2.99585041662
-2.42293585536
-3.40559875233
-4.67457209203
-3.83794377743
2.20561653601
2.58595801942
1.82731488613
-2.20785459256
-1.58299851376
2.30634025958
-2.46814616218
2.28668361263
0.90556659399
0.769592740269
-2.70801604939
2.40743423267
-0.785512994951
3.81399609588
-2.08682130042
-1.57424093846
-1.91317017305
1.11881965979
-1.52331414571
-3.14634665737
2.65388329895
1.81780947503
1.97446067242
-1.78563669248
2.84837411415
1.1653924819
-1.94627416517
1.061855187
-0.7772219342
-0.92690325863
-1.07537421354
-0.735477971771
1.76886853555
9.49629700339
3.0977529212
3.89484434706
1.90563218519
7.62156954403
7.24675331914
5.1974813332
2.52688114688
-2.96452208461
7.2141023132
-1.99906362474
3.1806547708
-1.66917130709
-2.45791725
2.99961866197
1.24545562299
1.89924019993
-2.99016069884
-1.24486227812
-1.23418455692
1.97988519317
-2.86430828066
2.4365112822
1.16236540163
-1.01003089083
0.907777202142
2.35045507115
-2.2865686073
-1.11779560125
1.28329785165
-2.70115133978
1.33722422404
-1.17393592869
-0.558334056885
-2.4496335606
-1.69372189636
-0.793952137787
-1.43364525567
0.784370111652
-1.80359261251
0.891943849763
-1.06499672845
-0.9873925558
0.879079702553
-0.52553647102
1.55333252383
-1.33678434618
0.921782448854
0.657716954373
1.14366358808
-0.746861494007
1.06315336469
-1.32431283098
0.502855397305
-0.588815469889
-0.69994980787
-0.841490816124
-0.768851034566
-1.14570413503
-0.550956122184
0.568063695688
0.387139016001
0.772615955018
0.898672104007
-0.623835561799
-2.26227230409
1.44907812951
1.20840852997
-0.798192189127
2.74459778134
-2.21178794213
1.7453998819
-1.46666103811
0.604109101666
1.72394444737
-0.99953486001
0.874715345984
-0.75020777931
0.547489371701
-0.593110481565
0.416179235311
0.517343049313
-0.848816017809
0.765525253396
0.429549752381
0.941503085076
-1.16585164808
0.565898994652
-0.558108546377
0.458616252652
0.442427880961
-0.762377318326
0.739490607797
-0.279478278195
0.443657325034
0.986133726102
-0.359872429155
0.520640067536
-0.343648434159
-0.83670580645
0.658635062279
0.258326101519
-0.543323407247
0.270982474142
-0.457158082649
0.322022535661
-0.248498618809
0.36322910581
-0.193534361413
0.201754507794
-0.626676590287
0.465824224444
-0.361443137291
0.288996498809
0.541930787115
-0.254623549367
0.530228967441
-0.470868450188
0.166043765587
0.198448216141
0.268344023878
-0.382351573177
-0.234599725489
0.292199236365
-0.308156696542
0.19994346145
-0.176070227487
-0.191875504103
0.165239815752
-0.200448098836
