-13.3385500169
12.788417194
-5.47890177013
3.59999947867
-7.00553468046
8.85676567112
7.90215347992
-8.93862360134
-6.74352863482
-7.82230918327
5.92134079158
-1.74053780781
6.50533629214
4.79990839672
-11.1567910841
-4.46743614389
-2.02033402534
4.22826393963
3.63323779707
4.31306545644
4.79344957779
3.78275928299
-4.59231775033
-2.93971891156
3.49005866443
2.15892395027
-2.12745890556
4.11516915468
-2.43506298312
-3.02044636257
-2.24194024121
-2.46026243628
2.07874450939
1.81217952363
2.96946170238
-1.91195561223
2.89941986905
-3.01368917106
1.86672047611
1.11172928409
-1.32524194978
1.71993332651
1.28401078988
1.57715385877
0.878881853876
3.65800961778
-1.50869835531
-2.38441802314
-1.94440697075
-1.0204262716
1.43055681258
-1.74792281697
-1.58812880071
2.22330600479
2.00608043787
0.526664608669
1.48962241721
1.90056069793
-1.47563296305
-1.48789479085
1.98099798405
1.02469420789
-0.866401334759
-2.22241537137
-1.22830329658
5.86999004262
5.42866629368
3.70750784135
-2.06583845146
-5.92454647662
5.26446298068
-2.13271630609
-4.48074973502
-2.12346858927
3.34405941053
7.32251869316
-1.87930006605
2.79695961976
-1.57201652542
6.65266345936
1.24612670523
1.1514422309
1.89586289764
-0.812660614969
-1.31634913529
-1.80704718601
1.59754254592
-2.90471139509
1.26950544595
1.46120112352
2.15042790927
1.52957271125
1.86297519002
-1.50078910812
2.58968515642
-1.73916189353
0.987192463371
1.2808584962
1.02779597081
-0.930836186222
1.93127838536
1.28820113831
-1.92472536048
1.11402270145
-0.846866802802
-1.0093127464
0.916012291046
-0.787693438613
1.22565977013
0.764673770941
-1.3378112534
-1.15459916435
0.948699987478
-0.988529517807
1.0098127701
-0.770758533366
-0.727916288427
1.24700259235
-1.40436968038
0.989780612207
0.233624168953
0.715076372284
-0.581157264699
-0.802365092103
0.70426827416
1.24195436537
-0.308041128975
-0.854974405178
1.03094839861
1.44049635363
1.83382168489
-2.48956605476
-1.26129259716
0.72382938555
-1.243608402
-1.2533479723
-1.23897128986
1.89302608069
-0.922568051305
1.3240107074
-1.91166644963
0.534545550847
-0.651054408261
-0.566601860417
2.30977704045
0.334551862128
-0.500376520069
-0.631660198035
-0.361220713045
-0.381279962217
-0.47998982606
-1.02646705147
0.946783424882
0.219364172877
0.344860337537
-0.798857226311
0.6663578346
-0.545206015932
0.734378628537
0.620485962197
0.332674765898
-0.415533390277
-0.537025003713
0.348194469751
-0.373944686546
0.506114089975
-0.440614897855
0.438052695946
-0.380661873042
-0.155178357987
0.316554512282
-0.375456151967
-0.278399280401
-0.478205457529
0.241328041769
-0.42293293139
0.387616518511
0.350743568144
-0.349326343219
-0.137644276499
0.323458836393
0.210821523303
0.38266302651
-0.556875323081
-0.370981606267
-0.224679955934
0.25929818877
-0.205169416604
0.183749469391
0.247657931266
-0.585149947484
-0.133594828807
-0.328007914017
-0.449716323658
0.392924984154
