-24.3144875343
-13.5421189084
12.7035704764
12.5319974111
7.43291074796
-7.19518764153
9.79925837611
-11.1042415402
-13.1650409875
-8.24041450217
-2.33293910945
5.55918757303
6.41665639698
5.70870662361
-8.03259413298
-6.17367667266
-4.35347455618
2.65421703419
6.28057592814
6.98866307663
-0.603732814425
4.19581553273
-5.86126451038
-5.52115833744
4.0427642671
0.586496753983
-2.10362033206
3.89417049476
2.81230876579
-2.1784928665
1.82787757444
-5.11133035063
-2.85049447558
1.96181561685
-2.59048484811
1.39809999007
-2.3673799118
-2.80224463547
-3.0106125159
3.28899662943
-0.391006232544
1.50571725811
1.70486898353
-2.0675244399
-1.39300700395
0.703592181212
3.0273878457
1.23768841453
-1.64622051963
-2.26154860251
0.288326956726
1.60946649529
-1.8688937781
-2.84054294446
0.873632509154
-0.690920035429
-0.885648007027
1.78852965757
2.70698887598
-1.65331951851
1.13951245671
1.15280358353
0.83426334578
-1.1982327219
-1.42250245502
10.5407230406
5.60778266994
4.61973557686
4.46978644424
-3.40658764143
3.16433409419
3.04631782523
-5.40811862944
6.61536357382
-2.89184573524
2.47064755689
2.00767794357
2.0745999729
-1.12751223489
-1.56680564436
-4.02346626374
1.19918996221
1.29321449231
2.59524860792
1.29616517015
-1.25040286359
1.02581002681
-2.66018140692
1.34732898893
2.16710739344
1.3025632121
-1.38588821525
2.0200059635
-1.95826941819
-0.823205946596
-0.512354481968
-1.67107223556
1.07662372233
1.04770556085
-1.34429144987
-0.839470474662
-0.787914041054
-0.774396696902
0.971618233028
-1.39473693466
0.267528637135
0.798567053906
-0.749013582761
-1.02991497035
0.961155232038
1.06158782581
1.05388623062
-0.840035550868
-0.95687755139
-0.521804677345
-0.610950734228
-0.737424456904
-0.697592685735
1.12417242131
0.529596649855
-0.370873939635
-0.469733512101
0.749330356653
-1.23653068495
0.951596429488
0.543358936929
-0.710404256812
0.690512365663
-0.472208105467
-0.563961110129
-2.97782322162
-1.99004403058
-2.16807456651
1.46947589119
-1.70780385185
-0.819930085636
-0.983673690499
-1.41185481166
2.19291799759
0.848842455768
-0.686945576703
-0.771980888386
-0.741126295335
-0.367475196161
0.757892136132
1.11901289447
-0.389827589719
0.517062273354
-0.924268043402
-1.04459826991
0.353938916515
-0.609985311494
-0.937778952664
0.434662068581
0.704789804961
-0.412072268414
-0.452460243411
-0.530339934404
0.541131257259
0.531442289674
-0.256603734182
0.539666977817
0.411837816449
0.421452423912
0.546470310062
0.112190915365
0.216662046235
-0.340733709744
-0.405975746688
0.521972446734
-0.143047689828
0.220413910608
-0.236076994991
0.402066792078
0.296012426325
-0.276104595126
-0.397098315768
0.271862665411
-0.269458146106
0.335494306155
0.107708943933
-0.260284910225
-0.211038149958
-0.360807548927
0.246151910164
-0.249880123482
-0.162589879767
0.249152093635
-0.425595425662
-0.326708365543
-0.263450694336
0.297680751739
0.174573255659
0.165065225017
0.298603914606
