-22.7743815981
23.1976952564
19.3375810333
13.6987335318
14.6528566172
-7.16610931408
10.3376496424
-6.27446151144
-8.4449919144
-7.24635580016
6.74445209939
9.68271574728
5.54587782563
6.53579033217
-7.95390940862
-7.44931206012
-3.8104543363
4.8843542837
6.77642464977
2.99181929345
1.96315212917
-3.80735844546
-5.51425738014
-5.90744690082
4.74830915631
2.12514343858
-1.76103630778
4.9585900704
-4.46340009568
-2.0773928145
2.69573690847
-3.75920388814
2.68993235386
-2.54721640294
2.03489348511
1.34514545473
-2.22392586034
-2.51901762276
4.10185299783
1.74740984903
-1.95246171957
-1.33558857549
-1.20422281438
2.87276305809
2.31288066973
1.59174185857
1.78283975612
-2.16337156104
-1.88763953193
-2.29692175044
-1.21379599492
1.35459300157
-2.09712927755
1.92374926758
1.04495989267
-1.75804606122
1.79224379854
1.25894689378
-1.49256728265
-1.17771017547
1.49183121052
-1.28336266186
-1.34402011935
2.31279840146
-1.18245657252
3.619426451
10.7588730012
-4.11611228254
3.86114505085
-3.17343498539
4.10110490861
2.08071814574
3.62795488567
-3.69854143431
1.67025553645
3.81143167402
-4.24019519929
2.30511159871
-1.52431715086
-1.24564537187
2.90208926726
1.80435533054
1.11557342765
-1.82104217576
-1.94071631562
-1.53275693248
2.04693178319
-2.53504938382
2.12806143434
1.4134761768
0.784740289264
-1.3859934569
2.26472146366
-1.70342529839
-1.03637659382
-1.2730123085
-1.43543524638
1.05866727893
-1.30466243406
0.824254463357
-0.966706556226
-0.770666155304
0.69989221406
1.67032915188
0.744560346702
1.02637805302
0.744878702604
-0.732143025674
0.957965028412
-0.937926864194
0.666784231947
-0.594528970287
-0.952835370324
-0.960524031376
0.881597024588
-0.945185341042
-0.808259163693
1.24840532407
-0.844811908128
0.329111815615
-0.905062195295
0.647770371494
-0.898846046237
-0.671858409748
0.573681208795
0.788545123174
-0.999756879726
0.629312275869
1.67555841227
0.650949771326
0.911507486228
-3.1722325282
1.84593534376
0.948882113166
-0.756275793295
1.19630735303
-1.07462525363
1.32674210211
1.2148598015
-0.589177474914
0.868514905077
1.53954670768
0.834234314017
-0.565547623776
-0.39321466414
0.668062372241
-0.694513007013
0.553495991569
-0.7497761211
-0.529046168178
-0.674183988302
-0.833383899405
-1.05363467701
-0.651715806917
0.286330579919
-0.476413079885
-0.391012786035
-0.760781014172
0.638280449873
0.28976724008
0.44615130586
0.493296819948
-0.438782339809
0.425357578905
-0.257778119388
0.351030458089
0.302315714757
0.445991877015
-0.596675733677
0.317337564334
-0.2763711193
-0.296118779443
0.290594818683
0.354437995093
-0.290819449652
-0.29086955531
-0.243072446229
0.278903954421
-0.353257972195
0.276983347584
0.327806353106
-0.299792960588
0.349387823174
-0.321810904076
-0.183787171548
0.443692123757
-0.257498145729
0.360262670659
0.237557075818
-0.240706611265
0.237381154779
0.354690787657
-0.204145138205
-0.559216549825
0.165899685098
