-18.0538553247
-16.022809448
10.4537846569
14.6029567003
14.4780185341
1.98550204665
11.4096047606
-10.8346415042
-7.77778960852
-8.28222595924
3.52544792038
5.52103727022
9.30592968876
8.20214723813
-9.51807362662
-5.44424060749
-2.34526245704
3.66961504508
8.01902682023
3.77348764529
2.8761896945
4.01074756078
-6.13757267353
-6.41866850319
4.76359356829
2.19449056035
3.48071226158
4.4298237033
-1.65128467229
-3.85101079637
-3.10806733364
-3.98275849204
2.11033919654
-3.14182291609
1.48649960958
-3.10735811233
2.21399404657
-3.43116054499
2.34035955187
1.8018323383
-3.41148027383
2.03535453023
-1.15406496167
1.87961561683
2.47175525228
-0.86153226658
2.31570232966
1.22579370502
-2.39296955077
-1.20871044887
-1.55639462524
-1.95845127834
-1.60653425663
2.08451693128
1.74284087359
1.13243950882
1.91821488131
0.768396831083
-1.59380230422
-1.56174745675
2.1411004712
-1.83784716333
0.752492475943
-0.751085395109
-1.3572549123
-5.14450600394
6.16360652851
7.09065587329
2.25474159932
-5.97342939594
2.08205670869
3.27782232073
-5.32764612794
-2.54772291337
1.83984612985
5.04252358935
-1.96175391655
3.10943081753
-2.22736586655
4.51994104391
-2.05049157694
1.17798120778
1.95207133452
3.23696368745
-2.27750396818
1.31766526256
-1.5112160293
-1.46117399067
1.62558089508
-1.3996505731
1.47576958686
-1.18276829693
2.41765568817
-0.921264512779
-1.13504049294
-1.99943708452
-2.50701290382
1.00213765732
2.04165066348
-2.0435998989
-1.51082784879
1.11000875958
-1.36460413103
1.04549967245
-1.61826507162
1.40974757774
-0.502304904193
-1.07857731132
1.67518091593
-0.524446829752
0.646893862907
-0.577465580661
0.72261089088
-1.17214754988
0.521960650521
0.980160538173
-0.712924090679
0.799155603433
-0.923130278781
-1.28093828892
0.527159509259
-1.15359154606
0.550460511782
-0.349757394875
1.04842128819
1.24831817285
-0.850214390827
0.688190017656
-0.426016270243
1.14363776359
1.46254783809
-2.5534385621
2.56015965118
0.790915986294
0.885777931544
-0.793357746366
-1.22895503456
2.24798518569
-0.924898195853
0.701244087893
-1.3752522506
-0.657442279105
-0.980326558925
-0.747864382531
1.30836095713
-0.563197012561
0.37867762476
-0.753582283599
-0.998117148994
-0.567689628811
0.459840045342
0.535851342152
0.572306019036
-0.378200622419
0.456936092045
-0.59054253024
0.417486552439
-0.786252435928
0.315230373535
0.65270251995
0.626336319533
0.75964320218
0.298594545985
0.77095578748
-0.486174712172
0.580655548488
-0.415347185146
0.492330563427
-0.385074033639
0.506826035174
0.460652079096
-0.36916813529
-0.408177680362
0.612345098087
-0.184978427487
0.237277026406
-0.249945885578
0.226445033074
0.440067098081
0.177564093152
0.462136742599
0.188286488189
0.182600645361
0.191832469628
-0.351475073719
-0.221887388495
0.358539294457
-0.241737741162
0.12979352568
-0.266011825133
-0.324029215313
-0.275688019675
-0.206593166724
-0.186384410788
0.243406578825
