9.60498464385
-7.08602845111
14.972788141
12.4895739419
-12.9484351212
12.3202806493
-8.02055001413
-7.69211222317
-7.17538477608
-6.27062594381
6.75043633373
9.14061467444
5.23689835255
-7.59372398131
-6.73603655545
-3.71442062694
4.54406554382
6.73758510633
4.88004059859
-5.35605838336
3.95544436085
-7.33303131798
-4.12453177004
4.1275270951
3.10061031458
-1.64372950007
6.21782972563
-2.619869274
-3.43984071523
-2.71784941398
-6.60319044295
-1.26249014756
3.19429623637
3.97468114432
-2.56292458962
-2.3517807253
-2.97052970853
1.93707506126
2.34927859944
2.01527608676
1.23421335594
-1.57851309925
-2.82853871399
2.32408966237
1.71416986104
2.39575365417
2.21722008737
-3.33446782379
-2.74628705182
2.25997185207
-0.968963350258
-2.66057512579
1.88960991948
1.68788614592
-1.79654739216
1.14823659254
1.88752644367
-0.844332745156
0.580249235857
-1.39071004088
-2.39637429263
1.46762321229
0.924345973915
-1.22491841296
2.41597183497
5.05062232419
5.24878653426
3.69998963451
-3.67723799248
1.71473717314
6.53577998294
5.21715458645
-2.66322293472
1.62992278952
1.56202270664
3.91755562265
3.261703328
-2.8258917934
-0.862215510563
1.57174656527
1.51791613291
1.58979209416
-1.98783533402
-1.6611991777
-0.798473523396
1.31174096493
-4.08934556128
1.20411631442
-1.03182987857
-1.22724668821
-1.21668330519
2.35202016745
-1.62000319325
0.620194142525
1.53218910022
-2.04777643727
0.550200833439
1.17586772035
0.778693086566
-1.54163884756
-1.09563493741
0.880704827865
-1.03661571469
0.529997761353
0.77490742945
-0.809976977939
-1.02096797872
1.24246937945
-0.79551113566
0.702645016076
-0.575646239615
-0.92236148688
-1.21903866571
0.633849947177
0.719677984745
-0.56994372271
-1.38502215017
-0.516134818007
0.562572011545
-0.65121559786
-0.699144170567
-1.16989111384
0.409934315836
0.453756353705
-0.938469233148
-0.84129600993
0.706322792432
-0.692162740557
-0.602979417188
1.33548265782
-1.91258494938
-1.87260995533
-1.22476170895
-0.575843989378
-0.847516706931
-1.65763617501
1.76655853158
0.697954011185
-0.781107588099
-0.515204544996
-1.40829772529
-1.45113912907
0.716368193647
0.223854712673
-0.558324727432
0.492519665146
-0.38554935523
0.659413385284
-0.425578602749
0.293423628513
-0.943493985812
1.08312028704
-0.202574287171
0.465033365743
-0.386950324568
0.4964523785
-0.609892415804
0.530377623829
0.238386151938
0.44784689803
0.757224099575
0.349430563396
0.501787737854
-0.355745573396
-0.528935736693
0.445753240315
0.335955954133
-0.383203082178
-0.184584894138
0.361199411084
0.302325930359
-0.393923036807
0.5464783368
-0.26508480575
-0.257072035815
-0.218826083446
-0.335977364069
-0.468581626523
-0.184840886596
-0.231269530808
-0.255693054372
-0.377700784635
-0.235013888842
0.153070997109
0.220450969044
0.267598404199
0.318284362189
0.230058593911
0.116334168071
-0.38393100346
0.336242085497
-0.309018946806
0.180313048901
-0.237167455607
0.479794408456
