-19.7506475684
12.4900952785
10.7198792809
8.58578597791
10.1191839142
8.91672906583
10.7636892038
-10.3938263664
-6.17390082747
-8.87662013725
7.50895532228
6.54612581926
5.58463619767
6.74333673644
-11.2199378303
-6.69397836426
-4.53302162466
2.5466236826
5.09229118654
4.88847809037
1.47104564974
5.06312390294
-5.2172803566
-3.3542945238
3.09954786909
-2.53763584861
-2.22992308115
3.32781037606
2.41926871135
-3.22985493642
3.24373343997
-6.89521438448
3.12535438218
2.62499473522
2.00739397995
2.04162967516
-2.06798012437
-2.1606669124
-2.56463146557
1.99473200149
-2.39308387766
1.86766728658
1.49233012697
-2.04894594027
1.57589215666
0.696532253396
2.42030546537
-1.53701338413
-1.9598664111
-1.82968138271
1.33329249422
-1.63274626657
-2.74075599457
-2.24941399873
2.64324012211
-0.8687686522
1.06253661
0.963066102937
-1.66162281246
-1.24061688211
1.56262549835
-0.99300737045
1.64945179694
-1.20642546244
-0.612635317228
-4.83170461254
6.00410639632
4.09476766705
1.95671204148
-3.18579067558
2.9378007739
-2.16488103332
-4.6273649549
5.48295557756
2.0065647352
4.43304533566
-2.81768585984
2.27407592929
-2.483368081
1.12670307916
-2.74140344313
1.66377723153
2.23499742453
-0.708724741187
-1.8480588393
-1.02028452717
2.63298678417
-2.74394984051
1.06506563236
1.93249538879
1.84505590595
1.07066555926
1.72720757355
-1.58416609775
-1.28581583448
-0.975504385501
-2.86198463979
1.86926224613
-1.06118361082
-1.03776684235
-0.784470060699
0.918781249299
-1.14864463569
1.63329261144
-0.866873009301
-0.852634435266
0.968406645325
-0.737796721336
1.09634262055
0.84666187446
0.544272343002
-1.16879225975
-0.609223458281
0.997670999987
-0.792866847034
-0.818391028363
-0.569139514334
-0.726313640156
1.15858581954
1.06431895597
-0.56117967161
-0.666131276106
0.62017711008
-0.82184448761
0.586351266079
-1.05180150881
-0.683333358724
1.05774312367
0.763732844701
-0.302000362995
1.89144436411
-2.21143359078
1.88913227565
1.22533303038
-1.1272745075
-0.710698883928
-0.684953708872
1.7230841427
-1.40885153623
0.768751748525
-1.04855674626
0.965556013844
0.732940866768
-0.764205998268
0.972840492996
1.01084556885
-0.514820440135
0.425986279865
-0.391935549772
-1.20245082906
-0.372520992666
-1.0278817531
-1.02136121307
-0.448416859981
-0.510116713396
-0.569941214025
-0.319202158049
-0.531250003499
0.430493722221
0.782717935108
0.251079130685
0.808429642821
0.536715510251
0.364134479252
-0.452678474386
-0.323994555429
0.398033041968
0.327696677342
-0.809901722038
-0.356212087389
0.33601548017
-0.426550841665
0.266831522523
0.39173707579
-0.181758910901
0.199465473699
-0.24255174195
0.282751026657
-0.390305115689
-0.324314457052
0.31795523582
-0.20567271091
0.205585559445
0.471224864923
-0.541563185555
0.198187771419
0.228127524206
0.321577096547
0.298123097443
-0.250523090063
-0.471192725896
0.277595872616
-0.371841145813
0.294538368829
0.163328613942
