-14.8147114961
-11.6072520913
-6.29243681023
5.40275495862
4.43961404227
11.1741072979
6.5777347703
-10.3851225722
-4.01048248811
-8.54421400703
3.90249480333
3.28561897302
8.20741123956
4.89075297365
-7.84263022588
-6.20956179039
-3.91482588835
3.05578229235
4.3676994759
6.13964763505
4.70059173141
3.26502335268
-3.77056125864
-4.40359313852
3.71300770243
-1.65866222022
-1.65129214172
2.75945423484
-1.6356187399
-0.964241622648
-4.05357474854
-2.17426891069
2.32905911172
2.4575663286
3.2335591289
1.35651288659
2.76201925568
-2.42978405968
2.32202646426
0.896086134578
-1.61505111179
1.68574653526
-2.81987614803
-2.91896654921
1.47012499692
-0.914813849205
1.49594892879
1.6484610365
-2.07869577611
-0.503915708259
-2.46270298141
-2.19102684225
-2.61078250923
3.10937203519
2.62585971805
-1.17450167282
1.32591793053
2.00703686212
0.650819356835
-1.23732181664
0.996966310309
0.773520823576
1.08965428914
-1.22348168735
-1.00323128689
6.55411122307
6.26965905001
-4.75321984895
-2.52368600048
-7.90808528459
8.45725129211
-5.55620324157
4.60644738589
-2.6037979752
6.41643837083
4.32968272836
0.968257064993
2.43403891929
-3.0117568416
5.64099586596
-5.28186616293
0.656932739185
1.81842203941
1.12766805551
-3.64916427796
1.52348765639
-2.54946753494
-0.863611761898
1.83303762645
1.03399000809
-0.872318547175
0.818786378148
-1.23588137765
-1.489359083
-0.413097712545
-2.18870538851
1.13985927111
1.22989856822
1.64477797333
-0.569311276189
1.37231915466
-1.29798279932
1.30291416422
-1.09787312528
0.564715107005
-0.607424096498
0.675454496986
-1.1225867327
1.30542786954
-1.07253690136
0.540724239306
-0.862895659918
0.579653736888
-1.11295671281
0.838956015319
-0.869471211748
-1.21535810701
1.27722108089
1.21048406652
0.751026162018
0.843540233302
0.976075194163
0.555969338257
-0.526017562827
0.528688883069
0.834782665601
0.664565651701
-0.574600177854
-0.634856390918
0.409979069223
3.15315277213
2.3315584665
-2.75571972474
1.08739716153
1.83515364867
-2.10726485952
-1.40380545643
1.75433124195
-0.682207658239
2.30350465317
-1.66638911686
-0.326805970928
-0.848881421434
-0.780312708297
1.48809600546
1.53330004728
-0.269554221453
0.546947727372
0.420057872766
-1.51787048039
-0.590890492816
-0.772097570815
0.470092697293
0.61090598073
-0.478170585838
-0.411327392286
0.292238776872
-0.332604232228
0.633212709955
0.233756704709
0.788923773373
-0.562374322656
-0.507491966735
0.490337412503
-0.608592437039
0.212160700272
-0.456233127071
0.380073114585
-0.548250884193
0.206669610577
0.413158451993
0.196646212469
0.470379363876
0.543006878457
-0.222844615197
-0.333347420753
0.221244708729
-0.236289469045
0.315603327489
-0.169595194277
0.19003834558
-0.43977743309
0.36900568355
-0.525749223712
-0.25438622787
0.335418334685
0.325152161854
-0.312091490623
0.1805057666
0.167702427236
-0.292521424181
-0.173312374134
-0.136070362136
0.243394745743
0.27255652268
