-13.6088610182
14.0774850956
10.6747492098
11.9930049889
-16.1615339131
10.3626522776
-9.47100586118
-9.84686302473
-8.1921894037
-4.71814594769
7.88526777177
4.72186105599
7.65150905846
-8.59157531981
-6.99227336094
-4.74831146804
-2.55326637389
5.46300706275
6.80980647203
-5.10850638307
1.94350077589
-6.05626223623
-4.5763296189
3.02572119381
4.51790217694
-2.45330557048
3.70285944756
3.0074589627
-1.08808311911
-1.28090258253
-4.25835310068
-2.86544103151
-3.45888132013
2.242473699
1.3147640716
0.946995023053
-3.63763467751
-3.19284868317
-1.70246210707
3.0684754505
-1.86835170894
-1.85490775964
-1.19729114742
2.80979258373
-1.32192637623
1.21876353028
0.665720372388
-2.20044367298
-1.73734214469
-1.07811262386
-1.44130422758
-1.64661232821
-2.5641711176
1.73213883126
1.54031150067
-0.866004682497
-1.07745424465
1.43215273036
0.740826718292
-1.16190581341
1.61052646435
0.789876358668
-1.2558605177
-1.35186306562
1.1375224418
6.54549510624
6.76886477513
-3.64845450159
-3.34802891594
-2.71657148267
4.95579534871
-6.19583626543
5.17869798202
-3.21404446953
-0.919919018906
4.03813890816
1.28206334668
1.4533450388
-1.90715743083
1.0160930035
2.08590136633
-1.06459324728
1.81533668132
-2.0399819925
-1.88847215495
-0.941992205836
-3.31732916732
1.14847546729
1.16919374144
1.09163094652
-1.14836748656
1.74157814681
-1.3696286043
-0.856671124608
-0.944511349375
-1.71269114399
1.32137919736
2.45598818628
-0.411134755351
-0.790816019058
0.967412574679
-1.17316933475
1.46902047176
0.921252081283
0.800131326768
0.799657447189
-0.790631653839
1.11567146902
1.09171255544
-0.957480054161
0.71933195095
0.578196258509
-1.58077977676
0.687955366924
0.670316429408
-0.510837615485
0.433588929017
1.3691836575
0.684830231935
-0.788050799977
0.520560421232
0.794513815977
-0.709952401703
-0.884117573894
-0.621455442796
-0.993486594501
0.576590398347
0.641914935679
-0.556609822048
0.663291119452
-2.53871088338
-2.77392048108
1.18324240067
-1.24243224186
0.416395572127
-1.20040933997
1.67324729498
1.36056959352
0.685659676528
0.333869663355
-1.39212703039
0.879220226957
-0.620641408668
0.714712684568
-0.391047424824
-0.707103870581
-0.493478837334
0.513149728442
-0.877717260183
0.531352747473
-0.34013977211
0.924864262687
0.454394992537
-0.532856341557
0.52189308178
0.451336007663
-0.438985231806
0.652018358764
-0.462621074674
0.20805925273
-0.50501003733
0.408416855514
0.806815547882
-0.633863874737
-0.20331498635
0.446199005489
0.449924502778
-0.624033682244
0.385603508823
-0.323769251658
0.38114713076
0.300551312568
-0.289233641083
0.48492754268
0.447117275351
-0.270697252236
-0.194766654234
-0.338572798827
0.24456614124
-0.173713998891
-0.136900233783
-0.157463703362
-0.55135450366
-0.174045280166
0.186437393146
-0.23325477846
0.329400763206
-0.269650622873
0.270999986788
0.197934576278
0.392519248212
0.129842929862
0.243984452555
-0.264881471059
-0.182263983737
