-19.8173760763
-15.5483182864
25.2826379994
12.2082783224
14.6783127384
-9.47295685119
11.3802487224
-17.5352171404
7.29584457194
7.2778519471
-5.34295915288
5.01109525402
-8.18849606333
7.12945429663
4.0522945017
-2.27001271725
-4.98614752991
3.14679189687
-2.44025311385
4.35823493083
2.45454710398
-4.93365271933
2.70707523174
2.70295078739
-5.87743500313
-1.53419426989
-3.61128496086
1.80638372702
1.44017338755
5.27343298401
2.99456688407
2.62305099357
-4.6296759328
-3.05068576351
-2.20662369466
1.66998518628
1.86017600073
-2.08120498612
-1.39828275531
-2.5607873943
-1.23939867161
-2.15493283995
3.45701328059
-0.699507292734
2.04283764519
0.552328520546
-2.16243906959
-1.87499910218
1.19027118135
2.21267725864
1.23630452996
-1.20390378893
-1.98172997837
-1.34204198329
1.30726427889
-1.41571038574
1.64870878077
2.34650460014
-0.743052676188
-1.53048894815
1.68174912179
2.62103639036
-2.60520713672
-1.29974044299
1.44722248148
-3.65518426377
9.22900452505
6.63664000317
-3.95311115751
5.01928432367
-3.2508818132
7.13051275512
8.25556891544
0.88600393018
-2.84015185056
-3.03093713574
2.67910281314
-2.62810456256
1.57003893926
-1.18550072751
-1.75677826881
2.04732524191
2.23748934341
1.21409326765
1.97178825634
-0.366520923379
-2.51477465304
-1.46188946544
-0.872740038117
-3.26347005337
-0.903562251134
2.33919020404
2.13588161345
0.835016583748
1.69075012309
-0.665795674683
-1.1455750794
-1.36454674358
1.61691805702
1.17653333936
-1.1242390936
-0.741049720446
-0.919142253032
0.631467717375
-1.56367714103
0.575578899689
2.11568130851
1.27691312386
-0.269039396102
0.96354614553
-0.416835281595
-0.731686599999
-1.17244583693
-0.619745844251
0.979482059019
-0.566784137955
0.770651110209
-0.876725633667
0.465297958888
-0.608687284287
-0.591764880615
1.2624272002
-1.09180598018
-0.44525549287
-1.22507015386
-0.877975154282
-1.26176762421
-1.3142200724
0.810209221719
0.621218944827
2.41410017519
-3.21733769098
-2.48250794007
1.07836550945
-2.2259800506
1.87017310916
-2.02382670695
2.65212440406
-0.781503187803
-0.906015476966
1.20652549058
0.894386864962
0.835655650756
-0.759323402259
-1.28546518488
0.681903847159
0.635615733906
-0.438037290602
0.496436101522
-0.880404209593
-0.586826476664
0.675111924224
-0.556101582426
-0.818334490163
0.976185348859
0.301925440524
0.685454075061
-0.767819966063
-0.326204339661
-0.642273261645
-0.458746683086
0.426773243624
0.523611988997
-0.290196598079
0.335833719304
-0.232987928993
-0.206583799197
0.231233028859
-0.440365698303
0.463417020687
-0.384274355736
0.70338177433
-0.698043275555
0.189235930158
-0.307245572478
-0.168140984628
0.244051790836
0.432834138579
-0.215427156778
0.281998487881
-0.185870310587
-0.256711598392
-0.349366411816
0.165911591255
0.226428692288
-0.26981719728
-0.396354790864
-0.415385934264
0.213824543437
0.375902339022
0.521151929379
0.461719271205
0.465631124881
-0.202913464187
-0.305294843953
