-17.8422017448
21.5324383497
20.2434888514
-6.4550851435
-9.40116782079
7.52836781841
-11.9174691542
5.35689928358
4.75437794326
-4.559835154
4.35126304875
-9.13641683142
-5.37003408334
5.24539773172
-2.75396786572
-3.94812855438
6.59052257679
-1.8659868059
1.35439825567
-0.6584172918
-3.8586822256
-2.00298965802
2.68949227684
1.40719414147
3.47468512123
-4.12039852567
-4.81694647464
1.384276941
2.99954607463
2.70107176635
3.17447700541
-4.24623798059
-2.98727573316
2.6227639607
2.1230582012
-3.74156013909
1.19054208659
-1.84243986847
1.37580055749
1.0803671796
-3.44811051111
-2.58301468226
1.9762161179
0.598550813344
1.51298552832
-1.80644937295
-3.09675442546
1.3382374111
1.37522771137
1.08092512205
-1.96876436976
2.25881159557
-1.4119152731
1.44420979284
1.03100372254
0.95558933165
-1.20211326048
-1.20735305528
0.62963830338
0.66569766778
-1.32776828353
-1.98092838658
-1.24186381548
-0.480907225209
2.28266631055
7.29572926305
7.85763119666
-3.82324911215
-2.3857888469
2.20627335127
3.3990507525
6.64614783848
-1.71243857317
-1.61917867567
-1.65915355462
1.63460620495
3.26435132715
1.57150248598
-0.880020731728
-1.00364919384
1.21667395345
3.05164473873
-1.03801028679
0.567788688647
-0.414921457449
-1.18560463843
0.734915099494
-1.18833702571
0.80201685644
1.45547486685
-1.60955362068
-1.68874000655
-0.752814656499
0.800361708055
0.525041268626
-1.16748329879
-2.02150756432
0.88773638457
0.709358574485
1.31990335034
1.18947599227
-1.07883745942
0.679722970851
-0.384422732699
0.749298778715
1.19062922226
1.98875463954
-0.741841287895
0.27138246846
0.869399977272
0.788128772818
0.960222310781
-0.879455642599
0.336316541301
0.408961388092
-0.722709195089
0.938103176654
0.643857918534
-0.414317328819
-0.711850466918
-0.514462624593
0.334007691151
0.456530495621
0.406434271536
-0.416727020269
-1.12152894434
-0.891505405599
0.732614916599
0.272972361113
0.524795305151
-3.37169876713
2.38162035779
1.38724945589
0.957853880358
0.950041809139
-1.00110890294
2.00762705803
0.553909978528
-0.41122193416
-0.447261541584
-0.735337022701
1.44177436296
0.515611556269
-0.340583429378
-0.310235747107
0.75585915336
-0.946685108539
0.318839476899
0.27107309139
0.146779719655
0.327599742397
0.436397003217
-0.299993598302
0.273154106695
-0.307407821994
0.511030120162
0.344149230117
-0.275065727174
-0.349600053245
-0.348575532255
0.528734059643
-0.739220223512
-0.252886288011
-0.350990851429
-0.368223309133
0.644611815892
0.315988142447
0.189435840004
-0.099410915789
0.269299770043
0.444480649532
0.602242794817
0.224115285327
0.0841108926836
-0.19109126414
-0.308376995506
0.412822494057
-0.274411699054
-0.105435189967
-0.131732813347
-0.136156810797
-0.36583796113
0.277314772023
-0.13443781033
0.23007325513
0.232569255542
0.132135626115
0.123887846017
0.139144601335
-0.0794591140646
-0.305977717568
-0.262369488887
-0.203124043869
0.179456623563
0.137142288478
