-17.0320167203
-11.1926074778
18.9338457638
-7.83015440587
-6.84690738775
7.48078189319
-11.6938501086
3.11177399216
3.3175108537
4.06414225752
6.06670248758
-12.7249721736
-5.94410871936
6.76139532843
6.28390573023
-6.39859687144
5.25252623893
4.34808769885
2.01387717888
3.08552736122
-4.99299321479
3.9229599714
4.65966122189
5.73039938734
-6.88728138575
-3.47272929469
-2.20592133939
-2.2677973066
1.28720014896
2.88636709754
5.23633950018
3.69153256471
-4.74858095421
-2.09140065569
1.38279771972
2.80724417974
-3.0878146891
-1.56475982332
-2.72340366249
2.03394968829
-2.8816291965
-2.19628338922
1.81117025284
1.35860797311
1.79459473023
-2.99503448867
-2.89599946434
2.39048490972
2.4230998793
1.31460939653
-1.91565417358
-2.09709762949
1.39472079048
0.943148984762
2.11046309994
2.27162327713
1.27856671797
-1.10405745193
1.08635865088
-1.19111416842
2.61450859751
2.76280194563
-1.98625846661
-1.14746863464
1.0781010263
8.3163269078
5.7607765012
6.89521761632
-3.4929638268
-3.27630008623
6.16676272015
4.09132455618
5.38616198089
1.86306834429
-1.4415010724
3.67557352739
-4.33955859532
3.22296354567
2.14013741911
-0.638665051029
-1.64836947327
1.91256424714
-1.2875668508
1.13075805897
-1.11269709384
-2.39149061148
1.78367916917
1.36719343841
-1.95716427344
-2.21559475297
1.41732567012
-1.04881988945
1.13032945242
-0.943168697449
1.8253517304
1.65071398185
-1.86813637741
-2.1442391377
1.04369842899
0.561949276042
0.93298884703
-2.08236798082
-0.8266791283
1.50915896162
0.641138734919
-0.727714381825
0.837400563508
1.1291002437
-0.60456521962
-0.497365747784
0.98778510803
0.787354520547
0.994293689634
-0.329588850339
0.476453822013
-0.689207386473
1.52842395228
-0.701452784197
0.574516965529
0.487389068338
1.15938747402
-1.08953516985
0.495163188458
-0.595357263474
-0.508844671659
1.01075256401
-1.05603567214
-0.755161185232
0.543821670846
0.445136491174
-2.86342310892
1.96797016664
-2.26087388345
0.681296103389
-1.31268527654
-1.84140361205
1.78625583876
-1.25608117089
0.455431193948
-0.785703422945
-1.00726504042
1.88746365183
-0.911563242146
-0.411226104741
-0.498594948097
0.384547470584
-0.604276245016
0.363454961697
-0.497551562517
-0.507493343107
0.794323536979
-0.713427458405
0.424978287862
-0.507309216689
0.881396281153
0.656859369491
0.390144236886
0.398798813216
0.253252783732
0.617444528357
-0.626602769044
0.573387509272
0.642115821897
-0.207340674999
0.269670110319
-0.434878699296
0.616825319057
-0.283005216589
0.477473032701
-0.293148445571
0.230843205421
0.277361774249
-0.336686683361
0.191578271596
-0.181346678064
0.255669438063
-0.405985468334
-0.23067767785
-0.272532476956
0.20189772406
-0.143012353553
0.45839767286
0.260474346551
-0.174892918683
-0.182298569248
-0.500519578212
-0.390738750433
-0.190234066806
-0.241526284896
0.194686083592
0.309766622734
-0.366676861023
0.120583834183
-0.134571648859
-0.157976940811
