-18.8719850393
15.0446794723
10.7900115318
21.5160894616
-11.6273895582
-9.1650256035
10.5241551853
-8.6076944113
6.20080016105
4.84210472602
-2.8493646859
4.28668729864
-5.87484651577
-2.52925854038
3.94086393899
-2.57909410943
-4.10753566394
5.78988500897
-2.11825261619
3.20681562275
2.88190764164
5.10219113631
-3.33732923398
2.53421498101
-3.63904005324
2.28849628683
-3.86370035421
-2.99076385025
-1.95360928923
2.27895779737
3.42762936419
2.39742414412
-4.75754257883
-5.25280493994
-2.68716894424
1.43359472924
2.08355464153
1.85292454314
-3.66828141127
-1.3569762049
-1.66218493566
-1.10204659756
2.18148418918
-2.17887338015
2.34623452667
-0.853289358728
-1.31252767946
-2.23566213432
2.36667278892
0.989096072758
0.921892781483
-2.37377037888
-1.48537248899
-1.21191949159
2.3996203455
1.27995544043
0.867360643972
-1.44540402037
-1.15044415101
1.37525099841
0.89320840761
1.33988126243
0.69875848134
-1.49696459041
1.48827418667
8.02510781327
9.40418985224
8.00240080087
6.29481902067
-4.28604686466
-1.96189640505
4.44205328723
4.8591414382
2.0170002131
-1.75672834175
-1.64547199961
1.65520896745
3.18990019688
-1.26092612907
-1.05013024782
-1.86466860719
1.09017055265
2.17767477778
1.02595186729
-1.04828198845
1.25925995072
-1.99440545096
-1.72685347641
1.33269652893
-1.79747527623
0.88403894101
-1.74731109295
1.47481410338
1.36484452904
1.32218709901
0.603478507071
-1.58986559543
-1.84591158765
-2.11897709399
-1.02619803062
-0.752702184219
0.794263951567
-1.20746096314
-1.11071185668
-0.844653550012
0.773684220577
-0.83318647636
1.6049939454
-0.958533281136
0.939158366346
0.677288885176
-0.665373630798
-0.785050892595
-0.89208850455
0.493910570457
-0.700165232793
-1.34789789101
1.02576817635
-0.621603961881
0.605355363026
0.638526305154
-0.753876388201
-0.654445384159
0.452747178697
-0.460219140917
-0.564027360836
-0.752096489315
0.469662824525
-0.702397535054
0.643848896866
-2.82606944401
2.73292646794
2.12125508589
-2.15349237277
-0.933990121127
1.28829741187
-1.36815595436
1.58278901964
-1.31590679296
-0.578405024616
0.587091929669
-0.583634624624
0.927439801387
-0.690398767777
-0.689881291723
0.574499149081
-0.403267119441
-0.904401023001
0.403396065341
-0.916777549346
-0.375770241567
0.734305311957
-0.456048097508
0.764887501334
-0.61903166442
0.346192788005
0.617464882454
-0.41432522649
0.372300382954
-0.362962299915
-0.220309527059
-0.459909734439
0.809207664755
0.965256360212
0.369152673112
-0.283427188975
-0.28020881332
-0.278926096746
-0.423123244509
0.313163087185
0.236838778988
-0.289814325182
-0.485312980884
0.335241819786
-0.299355800583
-0.190294995941
0.216229613419
-0.287505148591
-0.310688084699
-0.219071366702
-0.22086471731
0.420212043915
-0.226583211816
0.255017020177
-0.241334042841
-0.189996077004
-0.194953925358
0.195285720344
-0.237381561124
-0.227798949856
0.213159278053
0.199605031189
-0.219631594786
0.30254356539
-0.303690994353
