-19.5787960546
11.5684951671
23.099112317
6.35610863988
-14.2356661149
-9.47848923303
9.78319166942
-15.3446613191
5.99639494439
-5.56273189821
2.51943716662
-8.34899166125
-12.9805451668
5.79331365935
5.92704329991
-3.01453137549
-5.42437045956
6.40918729817
2.1262555948
3.13060644536
-1.8323458446
-5.40328142081
2.63316244777
1.49417584529
1.92815489122
-1.83931988729
-1.83355762239
-1.96516930088
-0.95387046239
2.6896313192
1.68608685482
4.36076310473
-7.90355805379
-3.23149207115
2.52768685707
1.30980558458
1.99753238932
-2.44066910255
-0.897631062104
1.53099652029
-0.685762069473
-2.50864495059
2.77104906637
1.26107625007
1.01772347985
1.15447122296
-3.26516217041
1.68497008754
1.45382423175
1.09077943309
0.567992645444
-1.92364588053
0.915610540923
0.605848821974
1.89984410565
0.523211728218
1.29754621243
-1.23933234447
-0.709716339188
0.829426166615
-1.09503300109
1.15979126583
-1.07206418551
0.95044036031
1.02228660003
10.2312261556
9.79366928123
7.92262165707
-3.6835768815
-3.56784978322
6.65308654322
5.17303897083
5.45222855685
-0.885212575882
-2.05419387495
2.0692029928
-2.8759215127
2.64783979803
1.47882869604
-1.8007435366
0.953745605577
1.96349699153
-2.06541454368
0.414873080291
-1.15611736808
-0.883833946305
-1.7854677881
-1.27684183845
-0.415192288024
-0.88747705168
-0.756095848517
-0.671553439424
-0.815986835912
0.528058090966
0.826429371228
-0.538491975084
-1.59888528276
-3.25181473246
1.16999082284
1.38798092544
0.621749331284
-1.3141817811
-1.44540277433
0.417632765999
0.684982603302
-0.444282272529
1.83437765125
0.992899792733
-0.739464829368
0.779140822247
0.609286114087
-1.34939255918
0.985574854331
-0.528603455904
-0.561007416692
0.324732674572
0.837659042055
-0.443381826049
0.34825368606
0.753915383429
-0.370056962681
-0.97788149928
-0.790940186411
0.407705436672
0.512874219707
0.979316511653
-0.785643813496
-0.639247502635
0.610865933364
-0.748967113409
2.76305017399
-3.55124617604
-2.04050347528
1.44291040816
1.01288733586
1.75577673795
-1.84460785309
1.97302558308
0.321129952564
0.569775900906
0.508904946059
-0.879538153231
1.21674897211
0.451608956529
-0.528940850873
-0.465811857252
0.418998260713
-0.758607616075
-0.182154619134
0.33289813541
-0.497251679636
-0.627623863275
0.573606698424
-0.209013980862
0.261639152959
0.260869414924
-0.269812726973
0.297210523273
0.211226523973
-0.294188418041
0.274396698226
-0.618267805694
1.07930977423
-0.378206221611
0.404616639404
0.194768227253
-0.473638010082
-0.458194564398
-0.191488944409
-0.20153524633
-0.283503298449
-0.503355035037
-0.467937041744
-0.259496633975
-0.164447237215
-0.346915715187
0.349275968677
0.299081555481
-0.113893351737
-0.196247885942
0.13911420169
-0.173643971117
0.187512007905
-0.162743612762
-0.246736164377
0.150580036209
-0.291116165759
0.357147722074
-0.183417618701
-0.220732795597
-0.208219818432
0.337806445437
0.208672399283
0.175974178315
0.267772514452
