-18.554636088
-10.8605169406
19.3222219839
-6.98286634709
-13.7126312746
9.37912427965
-17.4113554794
6.86238991523
4.49384042305
-5.24040110862
6.93462558171
-13.371716069
-5.9052186531
7.45788250705
6.85614530208
-7.45641136904
5.98765202386
-3.7273973408
3.42413523447
2.81654729047
-7.59503750743
-3.51278974632
3.89233197146
3.96613038104
3.20082792044
-3.66820597742
-3.3125671228
-2.20121657031
0.962061377267
3.58076941796
5.71986212112
4.11846951627
-4.45677690125
-2.26211611228
3.90594008982
2.71622648189
2.83551018717
-3.48840355682
-2.07092267651
1.12253763527
-2.62710355622
2.09052237326
-1.54335626832
-2.01243449219
1.81010982738
-2.64523256584
-2.3192861078
2.34634239087
1.76458409386
1.70750154396
-1.28210952565
1.39890528967
-1.53935702033
-0.88381162285
2.00015555591
2.4178114312
-1.71676649302
-0.841802820395
1.178213941
1.09187466465
-1.30368860149
-1.66805757499
-1.00638997665
0.853422842723
1.74156048742
9.39631731912
5.60449281754
4.97221006724
-2.4759088746
-3.03215917261
6.48858026107
7.35498158669
5.52036893744
-0.817675319889
-1.79833327509
2.96313312549
-5.27496510272
-1.47572321439
2.21970517661
-1.75832539446
-2.06187709852
2.50544229137
-1.94610014682
0.922332906467
-1.9707198188
-2.2512810424
3.05879616399
1.13826976539
-0.991802516565
-2.44274790059
-2.72857414514
1.58713646136
0.614056408115
-0.629242849478
-2.7408112222
-1.39666463423
-1.64609603996
-1.89427895002
0.826625727268
1.52814881582
0.779833633375
-1.69874989678
-1.09289983629
0.713571330894
-0.442929510253
-1.31114009215
1.51932045518
-0.6725404877
-0.761611712139
-0.928844248483
-1.00870866458
1.06764426516
1.01146137678
-0.522249445634
-1.19013806583
-1.19851877712
0.663866031263
-0.882261566107
0.501592534919
-1.30882437258
-0.894849552148
-0.936925830396
0.622846506291
0.694017507364
0.544623701683
-0.644087821117
-1.0688473997
0.593306326353
0.541035841616
-1.02715296509
-3.03639845097
2.03656200391
-1.53822128491
0.583016885802
1.63229242021
-1.95971542553
2.12301719078
-1.79742580903
0.283732770663
1.41314249505
-1.17513638978
-1.24218293033
-0.752714369902
-0.510342462484
0.796246745816
0.807491064465
-0.594245512344
0.566943793068
-0.374547457086
-0.508551940602
0.844813521393
-0.736650939936
-0.312763900321
-0.437700812342
-0.817359551821
1.06498871823
0.619961034343
0.451064117829
0.210281017764
-0.64321903666
0.628252533903
0.488790200554
0.484297453668
0.324362940718
-0.534462551789
0.261094375527
-0.47905141564
0.528467752372
0.340761722582
-0.257992902903
0.452498366295
-0.359582011032
0.278382450202
0.360009225323
-0.256332675153
-0.34325744408
-0.375763862615
-0.357719941436
0.243397836822
-0.366637674837
0.320801879415
-0.25805412077
0.287771336168
-0.174458577332
-0.354663312801
-0.416985649915
-0.286317189709
-0.192284754815
-0.238158190166
0.189530872263
-0.320413880643
0.199854092613
-0.194377034601
0.193536107236
-0.344384233223
