-10.8845139435
-11.4812282351
22.1664912216
-9.19951976267
-8.37913319106
8.17618497432
-15.4818311485
-5.83059628594
4.19365943864
2.34019254036
6.82318610427
-10.9577119136
-7.49874152786
4.66111056369
7.91348164215
-6.99739866879
5.01232233534
3.52086461785
1.22169737287
2.60683520957
-6.6779590991
3.31282638558
-1.74282705838
4.06474817313
-2.80864988648
-1.71697713772
2.52584895707
-1.04959767051
-1.33928896947
1.13933035395
4.23013377854
3.77403489446
-4.66524953674
-1.7903612619
-1.27285830208
3.22892875952
2.32162612641
-1.84534440707
-1.83535726602
0.687542901216
-2.68462079892
-1.39106648857
1.20584967912
1.60541509324
1.839881736
-2.92806624147
-1.95064436059
0.516220077145
1.72288720733
1.45522922685
-1.61514195253
-1.50874259756
-1.81571687266
-0.992167534531
2.13296281718
1.46498831907
-2.02023357822
1.31623041031
0.618351474204
0.979010776877
1.84279550621
0.83505197188
-0.894008320735
-1.40194722848
-0.972387234823
6.71215332833
5.72903263652
6.36904730998
-3.69439775545
-0.97587359033
5.28133973568
4.81715672339
6.5033765725
-0.974356768249
-1.05000740323
2.21911232698
-4.16207058631
1.48266241878
1.9695594465
-0.928866892254
-3.3937747457
2.68973407989
-1.50858170831
0.504914377772
0.619410960075
-2.69579462006
1.53095742994
-1.34091741497
1.20783862639
-1.35199344106
0.8621985637
-1.60716881836
-0.684058521416
0.740673441095
0.69110503545
0.723329891292
-1.06595689748
-2.39861919583
1.20356558329
0.855261247668
1.39947906476
-1.1037714921
-1.14706680865
0.486023624803
-0.669737089745
-1.76272507279
0.964547921758
0.5027551693
-0.66712700431
-0.923275519576
-1.592070915
0.940959334301
-0.490307224198
-0.716003016406
0.577111580346
-1.27105711562
0.955424696375
-0.687196998089
0.253548849437
0.842086367746
-0.816362451684
0.778732868823
0.566367525922
-0.578035122621
0.336243541234
0.917559283635
-0.770444233882
-0.428672655021
0.603708106416
-0.472545484259
-2.47153914813
1.96590717362
-2.02203715548
0.639644143082
-0.743098503855
-1.79853287231
1.99922080584
-1.36013322168
0.303258552487
-0.330047501984
-0.798759294018
1.03747063808
-0.392784891906
-0.283783442049
-0.458199034281
1.0380091311
0.557428748027
0.373005095758
0.148688294528
-0.30953936936
0.896126053427
-0.556979384841
0.47051920043
-0.317896987596
0.64046827948
-0.366938429049
-0.567690104117
0.354857682636
0.21615057279
-0.363793582958
-0.353419009235
-0.573666021096
0.748176692977
0.310712411103
0.264721417018
-0.391018978978
-0.442903360932
0.22419563275
-0.228061746483
0.212554375417
0.450972279513
-0.203810640461
0.243715446139
-0.259293037158
0.30536010466
0.32688468962
0.19676060427
0.160737657446
-0.201935999724
0.323278649188
0.374677877586
0.282032768672
0.235186461881
-0.0962309129804
-0.248514649559
0.214422452273
0.326733461102
-0.257964525634
0.109609148898
0.0885769911508
-0.300058389275
0.217053397029
0.154434291312
-0.23878893754
0.160110492756
