-22.64262281
8.55143259747
22.035030668
4.37797877737
-16.4677984624
-11.6504860265
-12.1356808797
-10.5413289034
4.68111677831
-4.54773021844
3.56654863383
-10.3939384217
-8.40917258476
3.83142781276
6.66255146013
-4.83525062778
4.76472870301
4.09036661062
1.88988590322
2.36963706964
-5.89501555917
-4.01254716859
2.50606620037
3.52903283013
2.74024416432
-2.66975333579
1.5342655105
-1.36030732032
-0.840540145395
2.71334470826
1.94614756197
3.93977212352
-6.27537911685
-2.7404466145
2.93001044317
1.50238839389
-2.84832723396
-2.71248442686
-1.96445889685
1.68797595453
-2.05966989685
3.21511801368
1.77331915339
1.28243445975
-0.520013976254
-1.56877083955
-2.56755700812
-1.16957657223
1.6655251576
1.57429117928
-1.47110402697
-1.82100016939
-1.56464181474
0.790862595549
1.75609255333
1.2387620187
0.99468813986
-1.14982867159
-0.72571814898
1.16267784865
0.51651521927
-1.61226876244
-1.06626579179
0.833627991591
0.937522156419
8.30834337948
-5.61988851862
6.72618669824
2.56751760334
-4.50093816218
6.09803531187
-4.1530004485
6.12779329584
-1.48344860147
-1.47112230709
1.89476836276
-2.89342817201
3.19993927309
1.40183837263
-1.93485691224
-1.75111735549
2.05466691779
-1.73064785834
1.01878488814
-0.604946446972
-2.04667499424
2.28323463297
-0.792601122861
1.0614537228
1.43414143914
-1.0979754447
0.726729538193
-1.1226666449
0.337315519061
1.02002860124
1.02143235981
-1.30870523247
-2.07352713826
1.62406302301
0.937823703125
-0.977922879209
-1.41817914572
-1.28568205451
-0.977891341259
-0.488218757386
-0.585346013755
1.65793024807
-0.721196667666
-0.685006825119
0.28041927361
-0.838028270434
-0.876353445767
0.804777128864
0.422752322582
-0.476676021785
-0.720570369273
-0.994740880007
-0.941074338903
0.481265869005
0.413099335576
0.830993835709
0.753619242712
0.655808826837
0.454048421907
-0.48268777682
0.531858688719
-1.13396414503
0.722061489054
-0.293388599972
0.460806548028
-3.56554705152
2.15080412402
2.12586699757
1.0040701547
0.992804847176
-1.57933233182
2.31832547379
-1.03366296967
0.372337156738
-0.469044948482
-0.679369400166
1.4568573839
-0.863980683981
0.333981214849
-0.497400516017
0.459697425835
0.564772146062
-0.643243375437
-0.205774306225
-0.17285240646
0.697888046256
0.672325195925
0.435420696662
-0.517635741999
0.497690405088
0.396714531831
-0.462349045772
-0.340772589349
0.155444650609
0.267779868186
0.261564689621
-0.569041459283
0.675621953702
0.527889299751
0.340228891603
0.382485843924
0.556974845172
0.478521875463
0.351855459807
0.223287614197
0.166359887938
-0.445645686701
0.294474304225
-0.273044361616
0.0779068377135
-0.192974711933
0.28428067145
0.195454186051
-0.207338028566
-0.148197218569
0.208830742256
0.449129612742
0.343785094143
-0.102564225773
-0.162376919681
-0.176530092578
0.2460843528
-0.212404294783
0.161245278893
0.235198085532
0.186114157403
-0.399129626376
0.232460873064
0.162879954339
0.1560258036
