-17.1005957086
-16.7301538373
9.32337369311
24.9127569285
-4.10929887955
-10.2170435562
11.5594311012
-13.5342776777
7.34862557809
4.91744914158
-2.27741652707
6.49800416561
-10.843312017
-5.88963739353
8.03784208095
-2.15473876547
-6.68011692372
-5.68434173206
4.36394891462
3.7014538963
1.77270786138
-6.72336538912
-3.60826081038
3.29128226187
3.86254135663
1.10962024609
-2.39948537164
-2.35182619653
1.03178562518
1.04181011757
2.70433199563
3.70792910686
4.59460648699
-6.19996387043
-2.5099473997
1.9229852098
2.27207036727
2.04504394837
-2.12745119357
-1.87577758092
-1.11230854342
-2.06379955596
2.32825133576
2.1443903238
-0.787470355183
-0.606060926964
-2.53526459551
-3.1291316097
2.69619345511
1.72567598872
1.09052799764
-0.822040997062
-1.82483601778
-2.19758239284
1.29702270357
1.02684095295
2.04109800617
-2.09790891951
-1.25481473186
-0.452985887656
1.7070209104
-0.70877587526
-1.03551352719
-1.25462686067
0.490909875169
-5.01438068786
9.38796011945
2.89985129996
8.91896987255
-2.43858976374
-6.11997619739
7.66574029316
3.59324871925
8.4700651786
-0.827529298202
-4.02332242698
2.45635765781
-3.95423099096
3.41166468335
1.43921870106
-1.09139684457
-2.36421697074
2.40658608987
-1.10387702908
-0.724248926099
0.74404521376
-2.71018350735
2.46986466281
1.03439913688
-1.17297667141
-0.41378623231
1.26496480021
1.25605611192
-0.776083369291
-0.581602025378
0.572029173414
-1.11752564223
-1.8118956383
-2.34055762785
0.815716645565
0.98306974967
0.869087631798
-1.21377533648
0.582529460422
0.742635682327
-0.556570760277
-0.779061060669
0.946845711753
-0.864725556479
0.579038655138
-0.778129533442
-1.23906929231
-1.04744382663
1.01126955181
0.66384289333
-0.503550529212
-0.434693381805
1.10329461364
1.28530347195
0.57042627719
-0.697045195049
0.86659047266
-1.24245575024
0.445707191271
0.564838950008
0.851462040954
0.416980828777
-0.795517635797
0.611355165616
0.29156432887
1.26783444998
-3.07570425677
2.07128835316
-2.98178843218
-1.38679730412
1.48566426006
-2.2169910248
2.81383896688
-1.81838994509
-1.69799266018
1.09838311111
-0.785009943499
1.39278632563
-0.809221097191
-1.16211876876
0.338741867088
0.738223940104
0.695647889881
0.406377345699
-0.539056176031
0.30340070357
0.710985384637
-0.942979483597
0.315540622546
-0.295264598521
-0.296966754286
0.594749524856
0.462723200013
0.168615161462
-0.256949488939
-0.243145567616
0.457671088659
-0.554972523517
0.795686098492
0.292944589528
-0.192609384526
0.319695771352
0.406376803146
-0.226374247703
0.281805333493
0.260376795565
0.291877300309
-0.290381556855
0.308331650727
0.192618703765
0.134633357074
-0.371074928528
0.397418556134
-0.354207305658
-0.265813693622
0.201376029934
0.133987647361
0.325722821332
0.435003925815
-0.241515479974
0.168240022341
-0.380290681173
0.505634604137
-0.224333822954
-0.178995954924
-0.297170348423
0.152701406227
-0.207909984693
-0.196264100907
0.279387134868
