-15.855854143
-9.40508545881
19.0616981988
11.8956802153
-8.54933298347
8.85492420301
-13.2627750576
-17.2535960329
5.75507173104
2.62246521226
5.08754292839
-7.57041678686
-8.60806284718
-4.15011495176
7.62483889274
-7.04588984953
7.12064351325
6.99792270484
-1.86771182119
2.49168443107
-6.29845279969
-2.84111263782
1.98411250291
3.68022366063
3.1877153996
-3.00472225543
1.4662797123
1.83618756069
-0.905041035165
0.798980305668
4.20979267225
3.61263458983
-4.70636291569
-3.59604412126
-1.2899701899
2.82910353249
2.83466405037
-3.4833933873
-2.68002422637
0.861993884196
-3.45189637545
-2.26231597919
1.14470282996
2.29965352071
0.719817221793
-3.33388263492
-2.57178589627
1.99341187333
1.83894753443
1.14784550187
-1.30620334458
-1.25486734349
-1.97342717028
-1.25719693202
2.00403268151
2.16967923067
1.27981082609
-1.45578459319
-1.61649170266
1.66185790049
2.65602468654
2.55917101188
-2.04570187476
-1.81476989694
1.02603637543
8.85542898578
4.14646916386
4.76882638624
-4.58293422404
1.21441760975
5.98541733702
-3.9593026998
8.63225340372
-1.34230865992
-1.0936921018
1.86484197483
-2.86052120351
2.42267037736
1.2508092496
1.83789843231
-2.87237016496
2.92398221551
-1.87401816055
0.570545017254
0.735756658439
-2.75422792671
1.32999139797
1.31320676139
1.00751440606
-0.861359862536
1.44146188762
0.835738192564
-0.83813310248
-0.55186263595
0.744525792874
1.42439008893
-1.05249583224
-2.21231612271
1.08775666397
-0.930275064915
1.12028800297
-1.07538014792
-1.43481466619
0.97645656673
0.81556144729
-1.06413435663
1.2541700707
-0.651828387008
0.952799946201
0.60745928566
-1.29110472824
1.03663217228
1.13230392661
0.735531653396
-0.297133043606
-0.768335012346
0.888759276606
-1.55900588242
0.69417708465
0.565392266113
-1.27079133936
-0.876627018682
-0.444825351687
-0.809090430199
0.548953456924
1.07374364166
-1.16462089846
-0.632473793744
0.85493662812
0.727560248505
-3.24259376725
1.17921548656
-1.94147463574
0.880916435152
0.808846449359
-1.88639948799
0.604604651872
3.14788902588
-0.378210285531
0.537234548949
0.813720347556
0.579077329618
0.869437635419
-0.26301154248
-0.565312910204
0.925927364308
-0.694562110473
-0.43982213996
0.27077564229
-0.356654969243
0.778003526762
-0.433958012451
-0.299324227938
-0.372600415656
0.271837456123
0.611381034671
-0.31674427069
-0.344318010412
0.206574800393
-0.221755430388
-0.411095992331
-0.349126552594
0.752151659936
0.415345904078
-0.457692923276
0.351363140977
0.357820969264
-0.552047322093
0.435221289998
-0.149657802911
0.311156060651
-0.431361617038
-0.226488768669
-0.34873286079
0.181083141825
0.336048125834
0.311655598521
-0.3909888717
-0.25816617425
0.13014259934
0.265488917617
0.236600093766
0.466971039281
0.248401092672
-0.189902879502
-0.428078482495
-0.427193020839
0.311507763965
0.206173801983
-0.0975083232202
0.383347045132
-0.504026255814
0.317957652622
0.252136061344
0.225805253432
