17.231199178
15.5368067231
-4.92381094347
-5.01925929773
-15.8324810082
-18.1675802134
5.05386770273
2.14709371646
2.32109808256
-5.26780122076
-10.7063619711
-4.06272449245
3.54264410521
4.09003969596
1.9710819548
5.08357304594
-3.49209060764
1.4097821214
-1.10898082457
-1.2862640691
-1.17014602136
1.4241067701
1.17053075174
-3.60125335714
-1.71779928509
-1.50079969618
-1.0297161417
0.815749686603
-1.25107296896
2.21341312302
-4.33787510713
-1.72415041217
1.71346975422
0.659875238048
3.45778286621
-2.34995849863
-1.53340403645
-1.14574851267
0.84346867111
1.92022447343
0.692329144988
1.36367227066
-1.07726133674
-0.652349862322
0.470328604813
-2.00225000023
-1.24211447627
-0.649441993854
-0.807137548271
0.546756489798
1.74132934712
-1.98889492824
-0.686676518226
1.15218388519
1.05340237445
-1.76892808864
-0.805182881462
0.52387547212
1.03189623738
0.853978017082
-1.45013636408
-0.689213020782
0.304293555464
1.23247483416
0.944843181628
9.6481004368
-4.09793720046
2.64930498258
-1.87748250947
7.3424849922
9.4749580342
-1.76167183293
-1.14246175338
-2.25230274325
-7.03972000838
3.52367062535
1.23475079761
1.14307081119
-1.8571570984
-6.06158851881
-2.95380151711
0.918813407686
0.461875154825
-0.5665549435
2.06784636262
-1.43108038779
-0.718206007291
-0.487909049539
-0.963509527309
1.54285085574
-1.22860088867
0.611921344327
0.572642060942
0.780152940209
0.578212033624
-2.41137626387
-0.603219854321
0.88309981614
0.608965197791
-2.14504773416
-1.40390139293
0.425125817087
0.555514105019
0.348429420385
-0.344447637141
-0.349670633935
0.824988985473
-0.418770394968
0.372794489147
0.246924757485
1.57997774038
0.995574333062
-0.411397012081
-0.665479792489
-0.724704985233
-0.781283214998
0.535223846652
0.285921888636
-0.278392044037
-0.455866318377
-0.883103527017
0.342007466093
0.240068169933
-0.264755830093
-1.26453786883
-0.503086318661
-0.43906023761
0.187482785581
0.496830421077
-0.454005622951
-2.26408891508
0.997794198514
-0.932373731089
-0.568360497464
2.78265533373
-2.19579829957
-0.613359167205
0.456271546083
-0.485603959458
2.46238330554
1.50452768617
0.223083235627
-0.444163512265
-0.330335512495
-1.40339885174
-0.919567224156
0.350302912166
-0.137402559025
0.360973424262
-0.560695513338
0.370707822285
0.202172635626
-0.154172757078
0.530471621473
-0.464402896832
0.353097825169
-0.201186219489
0.191366398643
0.282644474939
-0.395752050734
0.7944868571
-0.216382081804
-0.348192136209
0.191512593503
-0.7383341158
0.425285812406
-0.190641803299
0.155046631999
0.123461201423
-0.316416854805
-0.118592229287
-0.315615100972
0.204863759299
-0.145363094025
-0.0705525003207
-0.560362242764
0.410935767787
0.196905168625
0.246644817439
0.280826674149
0.285081659433
0.197935055239
-0.116422155184
-0.119571231263
-0.18110070316
0.399262114781
-0.163087360071
-0.0611740102909
-0.105972392953
-0.335167940217
0.204661067541
-0.126854648012
-0.0803052717096
0.141514666967
-0.134733011666
