-24.860605553
-15.6425289388
22.9168988816
13.1817518615
-16.1552165125
-9.08270079465
-17.9242490209
7.52907858368
7.22513420619
-2.96641620581
5.57263554517
-10.8248353374
-4.87429726191
4.92473492439
3.18051620165
-3.07841802443
5.29385270045
-2.49073190287
3.74114113015
1.11308465351
-2.40117374392
2.57076786201
2.84610493252
-7.10454668191
1.96807901514
-3.23828116683
2.51455555647
1.19023887815
2.23541697335
1.19440257435
1.85698111551
-4.8258172883
-5.44418683692
1.57081272656
2.88658502134
2.06551655448
-1.98474015963
-2.60367794561
-0.977685981601
1.88308396824
-1.83874238901
2.15401295771
2.18671075578
2.01303342725
-1.68344031083
-0.705015521468
-3.00517818134
1.29010420358
1.65678976326
0.484187373034
-0.981889190084
-1.42351925597
-0.817542493435
0.982030714202
0.75068552564
-1.07437025301
0.761705300677
-0.75871460874
1.11157625075
0.655370135246
1.42748183835
-2.36662629347
-0.82717067781
0.884658524125
1.16922492951
8.90136613424
7.59669787123
6.61013182872
-3.18206672413
-4.00378120009
4.23940353217
8.0132613777
4.16345393926
-1.86590815873
-1.14455465909
3.09422763906
3.45125713187
2.12956686522
2.1222989323
-1.09132604169
0.973514289075
2.43133025017
-0.949328881077
-1.31402823832
-0.846231597266
1.35747574012
1.57383858512
1.23082966094
-3.00281897525
0.666802002449
1.33696134405
1.22027907097
0.545803570267
1.2705115565
0.628366824919
-1.46887965508
-3.53994681881
-2.10557358612
-0.845551939676
0.689942035309
1.49911808067
-1.56172145193
-1.80009369503
-0.526419466935
1.03043623378
0.781187370078
0.982934434339
0.63979190487
-1.04853816296
0.624178504452
0.357128735173
-1.0796184314
0.593990673825
-0.869719761969
0.385926803735
0.514734174272
0.814434481105
-0.371997518315
0.547741016194
-0.395438051188
0.386170216732
-0.481948580151
0.622630153855
0.47965660972
-0.551550498476
0.717458155868
-1.80934274939
0.504463225171
0.654630453466
-0.496507826253
-2.64532498441
2.27645231602
-2.515370392
-1.13365984358
0.705205574997
-1.74811799701
2.49203795643
-2.04443277428
-0.536047662643
-0.345940363755
-1.2020731069
1.32120154003
-0.841092030342
-0.551928056774
0.225239098152
0.319725782805
-0.834034760245
-0.258070765533
-0.603387754146
0.292794117117
0.524161556664
0.363331279442
-0.403779318565
1.46810267747
-0.644629305066
0.423832599167
0.355799791863
-0.154627090163
-0.512363462276
0.275586243492
0.529827247901
1.09898975208
0.792188831148
-0.291419590364
-0.247217018444
0.474166351222
0.626068598123
0.628519469766
-0.297562548809
-0.278121128755
0.309052350111
-0.352672818678
0.30040088942
-0.328163363546
0.30055418002
0.15552759982
0.3257702592
0.195050074229
0.350225242179
0.158495654891
-0.170503414912
-0.322811823806
-0.292426588739
-0.191418881002
-0.119423763578
0.190491821785
-0.206134297572
0.149971524533
0.138965386976
-0.189915388374
0.219413835827
0.586669863804
-0.159834215208
-0.196965550732
-0.16714907755
