-7.16680228825
-9.34506795558
17.2258243979
10.5309977881
-10.3788840459
7.82518751858
-15.2393691653
-18.2146833364
4.46912712379
-1.32755895054
6.77891755637
-9.82662371307
-8.44770936178
-6.08057180273
8.11672852482
-5.46548845771
-5.44324839377
4.71435270753
2.21397243603
3.68466311926
-6.03780407529
-4.4340001011
2.41590162765
5.15695540576
3.71808707497
-2.29297516785
3.59794206745
-4.29722704601
-1.36299158587
1.87352663762
4.22358694434
4.08090726507
-3.5103733264
-2.09262233076
1.38311543368
3.2926091824
3.46525891777
-2.02790087428
-1.66679297822
-1.91019137417
-2.41172811755
3.91791799317
1.28689465492
-1.22840979463
-1.49735110755
-1.80629569958
1.4900337153
-2.31446833963
1.86511371422
0.922681085058
-1.53580896227
1.67278783303
3.31939389939
-1.14156106183
1.85812901467
1.86666312594
-1.889921347
-1.37029300042
-1.13675641782
1.55519713979
1.02340280852
-1.82844707782
-1.37034587746
-0.986689770897
1.96310088914
6.73045020587
2.9969967401
5.63083800442
-4.29104300942
1.32003177605
5.01660206282
-5.058178894
9.06742928144
-0.756059748004
-0.727427186203
-0.814883341831
-3.30681974237
2.0890517215
1.79558644659
1.49412186222
-4.06346341181
2.60960166235
-1.95233366956
1.33463100491
-0.447440360908
-2.69465878031
2.16104170252
-0.674583179432
1.22472441176
-1.29975240461
-1.29635214819
-2.03451125731
-1.83302029207
0.706821959507
1.12241752048
1.13313906087
-2.52699907273
-1.92030021276
0.547351310479
-0.948987214946
0.878484058977
-2.12704960761
-0.462820327276
-0.778457709819
1.09203688951
-0.706226216224
1.04208628482
-0.663360270744
1.02208325336
0.548754766067
-0.767713686393
-1.05095080548
1.37263950878
-0.531325611315
-0.762494340029
-1.28517314839
1.13629446554
-1.58198015828
0.738006406339
0.49195910937
0.874423235295
0.973637994926
0.647159538355
-0.6605299708
0.690171466896
-0.479197972766
-0.88296098989
-0.320032542168
-0.518708518001
0.490146586115
-2.38329300321
1.20941685183
-1.64323382078
0.510503975858
-0.568278784196
-1.35470059791
-1.5081171238
2.57161576119
-0.102837068448
0.998728157726
-0.260204092918
-0.68987298396
0.702024544828
0.354439412262
-0.452161050865
1.10582879341
-0.840217467168
-0.531285560067
0.244818168735
-0.856629294665
0.717039964792
-0.735488462101
0.385535276195
-0.392083973326
0.297752004695
0.672905442347
-0.629028645058
0.495660159302
-0.313308219428
-0.707099531494
-0.403894167262
0.918393757223
0.623918589411
0.195500022407
-0.374084631356
-0.248632245865
-0.738852918264
0.247778936903
0.467623649832
-0.365733962046
0.201510854057
-0.382566969152
0.338888508623
-0.24815921992
0.196649922814
0.281250518526
-0.439257940155
0.523085264554
-0.253806543976
0.228741394773
0.382980363576
0.282036676671
-0.601320797864
-0.219700551229
-0.288476757114
-0.287613681952
0.336398019533
-0.30118085483
0.253264027511
-0.262816808011
0.245226638392
0.312308625558
-0.183633745046
0.191196148338
-0.307137066433
