-12.2667281781
15.1701247168
17.2518904552
-3.71437801194
-13.6005962015
7.44137877767
-14.2333523656
6.15462572406
4.25670331521
-3.48555168662
5.73066984584
-10.2648553223
-7.41567781115
6.34318638921
6.89348397844
-5.09690144661
3.75055013885
-4.43126074377
4.06578505556
4.73244684446
-5.42924669434
5.32639481287
3.17909806902
-7.14431089327
-6.43583192655
-2.58252121271
-2.22486629758
-1.09950864856
3.03203760383
2.94293021293
3.15142027577
-3.38119246723
-3.51580894154
-1.85490003807
2.37762316377
3.74473695697
-4.64992277528
0.906354270981
2.66657566418
-1.01738735109
-2.06212892446
1.47322655026
1.22786786486
1.67043622748
-2.44428679343
-1.76834942803
-2.64369075241
2.0584946139
2.39395855385
1.86499406102
-1.14738514533
1.21213999387
-2.28714406306
-0.813435990954
1.6345668659
-1.71679681114
-1.94329747076
-1.46709691952
-1.09544969157
1.46586671113
-1.96437773205
-1.23001672147
-2.18258812979
1.28703252639
2.64663119222
6.59734938141
5.7337796368
-3.88810336405
2.03701198971
-3.11723825468
4.89969278997
7.81320077605
-1.16629038303
-1.25484195827
3.41023364055
-2.75683936747
-5.32308766178
2.02052504475
1.73460906875
-1.09406962965
-2.81780313613
-2.13898865391
0.921866529776
1.80136502495
-1.67251051374
-3.24519084024
3.08047643514
-1.096857668
-1.71929921128
1.75690785055
-0.968867792162
-1.03045507485
-0.848890797222
1.07665352346
-1.05936863474
-0.873092124462
-1.36107889902
1.55452376931
0.763832515503
0.710963827509
1.34937466096
-2.16849638866
-0.636099606728
-1.5813475788
0.607221254535
0.753185666093
0.790242855727
1.0433123949
0.769792449232
-1.39296699276
-0.72602102494
1.39024995996
0.861633113197
-0.694616794258
-0.660675498105
-0.978610477351
-0.846776440319
0.656288276031
0.363125265403
-0.68726330009
-0.810387932501
0.974244041428
-0.740516860423
0.58248336258
0.636063121486
-2.08254452127
-0.388696508962
0.752615971259
-0.772665406981
-1.41096229624
-2.30491774182
1.9204565292
-1.7910832362
0.591392888478
1.79955172298
-1.40677426427
1.99112519265
-1.76093452224
-0.393699331875
1.21083166396
-1.44176594655
1.34517001858
-0.746246972714
0.569356066332
0.451437509836
0.824365928291
-0.548469912478
0.373413431778
0.557292289623
-0.685617554583
1.12577045077
-0.637718478931
0.393008122331
-0.472482794425
-0.717905750902
-0.405698489219
-0.451802454278
-0.29278773499
-0.297550082109
0.433592444689
0.335300116823
-0.322824909934
0.428650572453
-0.234248460167
-0.209254948676
-0.37085258015
0.601889533835
0.26500457912
-0.554851256433
0.420346561307
0.329384103027
0.197119050015
0.456982136425
-0.308057962281
0.363559171767
-0.236058864612
0.572771005464
0.255835509941
0.24604305305
-0.261985317481
0.23282290092
-0.227046230022
0.367067160567
0.137497347463
-0.285306920213
-0.282364046654
-0.303215050897
0.233581880126
0.196229189992
-0.25519396149
0.825365347414
0.191530659889
-0.213788110268
-0.330908262211
-0.543978069645
