-16.4312632167
22.1308142821
8.12586423199
-10.8863395155
-15.2555764739
10.4282262507
-13.9974671698
6.61913016551
-4.21279368163
-8.34263737233
8.01931373585
-11.2120612715
6.16249659188
6.40084858737
-3.44245846321
-5.83542905558
5.26118799028
4.05644231838
4.74753022118
-2.05777435237
-6.4463986807
-2.93263100064
-6.15601200059
-7.07467532705
4.02024276019
-3.92365288219
-2.42232291772
3.16182341143
3.44550952586
2.74846707062
4.12672062642
-5.37115549776
-1.69797101382
1.8121444424
3.19982140229
2.49791829765
-1.97183167249
-2.05697217007
2.32671752568
1.60114768594
-1.68397709147
1.94547618274
1.43226197648
2.33501494047
-2.43369478483
-3.00756014564
-4.11595993244
2.29144468713
2.27923122707
-1.01264258777
-1.44830819627
3.19796911019
1.91404318034
-1.29783493568
-2.43558928513
1.09540199334
-1.42284893437
-1.13176086909
1.15059195645
-1.34037809764
-2.01233583726
-2.31200642361
-0.987532598558
2.14535684506
2.14930551291
7.89579871778
7.19081354763
-3.8828332392
-2.76452191939
-1.51515692116
7.58560181974
7.41590920017
-2.12091883625
-1.1127969956
-1.11207469047
3.71984581138
2.38103390741
2.28303269745
-1.58609415812
-1.41041071367
2.41625382623
1.65821882424
1.48398855575
-0.816082572049
-0.641643368564
-2.71610651726
0.780032945726
-2.10655342824
1.81691067499
1.7482533398
-2.38096648019
0.996167641696
1.83665580159
-0.707966392756
-0.741598209398
1.72750880515
-2.56883239581
-1.28699496201
0.766805487579
1.11987201254
-0.96340608945
-0.659205181934
-0.721988808637
0.649730205941
-0.853983938695
1.04538131431
0.850377932985
0.620052958618
-0.830224948452
1.25053888063
-0.953798560529
1.01834553918
1.12115056047
1.14256521721
-0.660313695132
0.688157267825
-0.899901457813
0.907728186546
-0.571921229312
-0.898277748735
-0.976690057547
-0.673908708877
0.383245062895
-0.516418233661
-0.819717011561
-1.56372545831
0.567273490657
0.466522415415
-0.624164680164
0.716488802345
-2.44260813388
-2.65115740018
-0.820825995785
-1.03923148834
0.796536998057
-1.83796653154
2.10620653612
0.717798639912
0.671573426128
0.54687350699
1.0538049404
0.81175785411
0.698714682917
0.518365816718
0.614083932021
0.453277746021
-0.725411382385
0.536850728369
-0.57501778195
0.195346244349
0.77675855125
0.409141709884
0.796494880074
0.929894253129
-0.680026806576
0.762744083381
-0.525391789016
0.576894846499
-0.546429277722
-0.561541622633
-0.691535695846
0.811965024902
0.372448519106
-0.408322658545
-0.371898531818
-0.418411539533
-0.138150351077
-0.310603862107
-0.307903549113
0.304648677055
0.264278656862
-0.30645890861
-0.301493398127
-0.293720993616
0.439394281685
-0.288986904944
0.458340584854
0.400725019201
-0.345061828892
-0.346595714155
-0.254258040642
-0.362595271635
0.289595624804
0.230715828094
0.398755016941
0.331437754316
0.208612864655
0.239329712058
-0.21628552584
0.235423035704
-0.393851376425
0.245086533526
0.192964409408
-0.238037186445
-0.463838731121
