-17.8802893109
17.4461438336
26.0147029705
6.25444540864
-14.0137225804
11.1045844248
-13.2352377837
6.44376983193
7.40378894296
-6.65333178374
6.80683451617
-10.9860109236
-6.42208567415
7.33443867518
5.05447855063
-5.46564014915
-6.25685930164
2.72262534928
3.69173291625
-2.42875608691
-6.64791795517
-6.81226431043
3.70769700563
-5.87211870562
4.56536192007
-3.89659069208
-2.52285334938
-2.13098744416
3.01037668424
3.16858007574
3.54055589525
4.28990168385
-6.3027325585
2.10369987064
3.90643767495
2.02778185425
-3.69973971454
-2.19466995591
-1.82929468764
1.6963316398
-1.6930320131
2.6926198376
2.05187003705
1.32032392311
-1.01907667801
1.55030699469
-2.61582241019
2.07850567867
1.35333448395
1.92396127001
1.64971980889
2.3797670362
-1.67414642327
1.27836069373
1.12616320111
1.64362501206
-1.29074756353
-1.6051507139
1.69515924304
-1.43552304492
-1.96528701717
-2.31344087298
-2.06947450227
1.49421960319
2.25371402705
7.10848353635
5.34441606006
6.6237950817
-2.46993852655
-2.79019825303
5.72595791007
8.06920494911
4.17879959651
-1.9857068482
-1.97364816644
4.21007858296
-2.67130256014
1.79256984992
1.76154661709
-1.11107685762
-1.68056075365
3.06069882204
-0.965578617291
1.83285228089
-0.980418437749
-2.09579698091
2.84006653792
1.42230775147
-1.76704627053
-0.958996063775
1.2442554646
-1.23606773171
-1.31977617139
1.54854359609
1.16201873732
-1.57867921526
-2.88022291193
-2.07888932954
-0.830036420855
1.0170837371
0.919954281914
-2.03648906851
0.94456895978
-0.894559914671
-0.741909321923
0.588653070687
1.14609219151
-0.591484508139
0.871478386936
-0.714849377934
-0.670751068105
-1.24740970532
-1.12883847431
-0.584460981738
-0.819021683386
-0.89198675799
0.928305208899
0.851677851591
0.753402495306
-0.874784382785
-0.770611907108
-0.744757200049
-0.732802094027
-0.46903410471
0.660073694159
0.863418555219
1.02572745358
0.775624338896
-0.677981564569
-0.95828195796
-2.58530882067
-1.78552764577
-2.17229559275
-1.08708105403
0.849513611208
1.55807557796
2.5401184587
-1.83045272622
-0.674385016992
-0.55692356539
1.2892591229
0.826934201202
-0.473866259654
-0.508707552344
0.407292187085
-0.678984627041
0.692874938965
0.349580329457
0.590077665048
-0.278479757433
0.865234086244
-0.63505387968
-0.452065025044
0.75748392221
-0.356114892105
-0.531196147621
-0.423796027588
-0.419194961182
-0.486857115214
0.462095442307
0.508511521756
-1.10992481929
0.609117556864
-0.258748016774
-0.390837133828
0.346129260541
0.644757501566
0.332119583857
0.412068645493
-0.212972844457
0.188744243768
-0.5593368545
-0.293160725914
-0.360178951268
-0.203931787628
-0.328931831322
-0.504544586905
-0.380323232093
0.213770912609
-0.232662266898
0.36289278809
-0.271937149209
0.389300108155
-0.238490325532
0.281562909684
-0.295838432755
0.252141585925
-0.298968003285
-0.153671151803
-0.306849926804
0.394484249118
0.342598822161
-0.207821075645
-0.210652036622
0.399223003355
