-15.7784497398
12.8896198321
23.7814279753
10.8492019722
-13.2748572241
9.92930351135
-15.0152763775
-9.15496619144
6.50841463055
-4.85313440898
7.01382207091
-10.3901701197
-7.99399090611
5.4128285399
2.9164374863
-5.19926485587
6.50963116382
4.05303279128
4.61130031859
-4.02682335297
-5.97496737859
-3.02210091411
5.05137021009
-6.10618322887
5.71658541189
-4.57602149246
-5.10832526998
-3.40953121242
4.07022542464
2.75472776775
2.34284775941
3.3027074547
-5.35958069634
-2.86330070385
2.8952663626
2.0974432385
2.37649354749
-2.66352811424
-2.47457034508
-2.73929052963
-2.22884951286
-1.6151596612
1.0953946198
3.15845466118
1.8179942109
-1.93774302723
-2.61164288637
2.48021235095
2.19302884041
1.01324590061
-1.4336386886
3.00987903582
-1.50232194521
1.4678234032
-1.18754592702
1.28316292558
1.13338223907
-1.1566821879
-0.725263105542
1.35168200752
2.15226417597
-1.43302508922
-1.52478810551
-1.10634816411
1.62391971444
6.75414343687
4.10303872616
7.71122396654
2.53092711821
-5.66559878354
5.28064998734
-4.6559792744
6.55546726225
-2.18795970115
-1.17897329611
1.9659097175
-3.87232405446
2.19040425385
-1.2199277191
-0.988453304693
-1.17973077921
2.93456586632
-1.47648449786
1.51479644705
-2.18650174152
-1.90285487571
1.26677740088
1.43665845291
-2.66564752927
-2.93474146224
-2.66692129935
-2.02734838233
-1.8455733434
1.82638057078
1.60923587062
-1.55909692777
1.32852047307
-2.14909707875
-1.23376690138
1.0963066436
-1.30864614719
-0.785741258758
-0.825581543106
-0.767768411976
1.53760694364
-0.408523255242
0.808438656503
-0.925193206374
-1.03296720624
-1.03682401195
-0.759462758178
-0.970618304567
1.10973619252
-0.707692673745
-0.682872232652
-0.98627860416
-1.06450170906
-0.949187921858
-0.684616019979
0.635295691443
-0.785406309421
0.702141868158
-0.733073341883
-0.596231944598
-0.851016629226
0.849059383604
-0.817159044078
-0.542490834719
-0.460598877296
0.70275062545
-2.33905646599
-1.98558334648
-2.79000652028
-1.79625993504
1.13301457405
1.6396529767
2.21874605336
1.55294928404
-0.805151907897
-0.344836537027
-0.840697625369
-0.92667647993
-0.629935650777
-0.313815660822
-0.446763115449
0.480872637137
-0.589765332619
0.505951576015
0.484156546763
0.59931254793
0.678919461198
-0.380464839226
-0.495766177863
0.80238038267
0.956609677978
0.699993330925
1.00820329038
0.662642874976
-0.631768168962
0.780565545001
0.592996221208
0.632315359336
0.845461734463
-0.317677154701
0.293764167899
0.607240668861
0.254438793413
0.248894259661
-0.276550998228
-0.522293450035
0.152860083735
0.172348793147
-0.30571072794
-0.41071464529
-0.353752582723
-0.296683521263
0.309734650614
-0.311581654929
-0.315097989599
-0.200532311482
0.381199281099
-0.43020153515
-0.225882724121
0.195967009034
0.230817102759
-0.339239857696
-0.284231055069
-0.302108676517
0.198717696301
0.283669923042
0.318218730993
0.266752787227
0.179343722498
-0.211101756391
0.330163710967
