-25.5436396586
16.2536327304
20.3965509443
6.88128140894
-16.9892595391
-11.0709856156
-14.2559415526
5.75549295487
4.79324839805
-4.76843146672
-4.99357313433
-6.20911391657
-3.07448121094
4.97298995101
-1.99958796028
-3.67767758609
7.11011778131
-1.80182120763
2.46925224537
-1.42006320795
-4.02495807275
-4.41242061891
4.25757228265
-2.80845850868
2.58607377406
-3.52595911608
-1.98971456937
1.04875221869
-1.32851570048
2.21350083294
2.85583682878
-5.34577232631
-5.4719392051
2.57397163743
3.15336973574
-1.91426033236
-1.80963213861
-3.20613901121
1.35751261266
2.22924539919
-1.52193447373
2.3514163311
2.33161940322
-1.58488470326
-0.524615460458
-1.06288442406
-3.98190027016
3.35532183293
1.51468387143
0.66177654007
-1.52585129706
2.53517467029
-1.89822429293
1.62646496341
0.330052202753
0.951461464865
-1.82998816373
-1.42421860931
0.985974447407
0.924249727622
0.844205601932
1.01033314254
-0.694381118768
0.537797830268
0.677779427809
8.42531143686
7.58810946977
-3.32684007246
-3.59144200724
-4.48462422542
4.41511124913
6.27693226673
-1.29473240585
-1.95331350315
-3.6100595727
2.35724179146
2.98421712084
1.74518308092
-1.68177691592
-2.61711960923
-0.831224469081
-2.60056071339
-1.03154397317
-0.618135667973
-0.957298582495
-1.55014943407
-1.60148153199
1.45376595738
1.30974086925
0.861858409472
-1.51474422638
1.1523234311
-0.802507903958
0.993107151494
-0.872136733031
1.27394258667
-3.0228082361
1.59545010376
1.36913755375
-0.743782540701
1.11270986015
-0.938539057988
1.07903519145
1.02909837923
-1.63015021701
-0.45085547149
1.8358752251
-0.564737235559
0.539795527156
-0.369220070437
-0.410174561763
-1.29282533013
-1.07107465437
-0.910461524065
-0.186099936037
0.392995044835
-0.826047240461
-0.7840133515
0.570548463417
-0.199217191033
0.687789431151
-0.833520827615
-0.57709806908
-0.275647649677
-0.386465403364
0.768843541834
-0.74572388958
0.508188280648
-0.328121436393
-0.25645716064
-2.85323711898
2.11383527422
-2.61086945348
-1.39446553593
1.86866833651
1.69058537459
2.51505131642
-1.28183572533
-0.582251596427
-0.845530755816
0.746321766582
0.955721995439
-0.682559312066
-0.646748208944
-0.761996055787
0.352411901664
-1.03242851624
0.333856334169
-0.287527197301
-0.417070745265
0.617443647159
0.56908869372
0.502369743742
0.556059728629
-0.26913759052
0.606076825631
0.397857306812
0.346810943991
-0.370681305639
-0.209671543169
-0.438922172574
-1.12905251473
1.04030484278
0.417248814759
-0.332981175205
0.37655434307
-0.412356902595
0.348761187048
0.249478368195
-0.343079042698
0.1496136592
-0.502723025109
-0.293553487971
0.237523929661
-0.127197468833
-0.120211415846
0.449837251368
-0.454494287559
-0.289494200503
-0.0824688914328
0.190547584513
-0.360133114897
0.274264566125
-0.242665062679
-0.0645684957857
0.24141696893
-0.318455026083
0.35009262639
-0.166152687898
0.117225755895
-0.297746719627
0.321130224644
0.122300855502
-0.0868740558594
0.106378225987
