-12.1327947866
-12.2368823766
17.7326072214
14.255707497
-5.74488209145
6.09123446054
-15.1186849619
-15.0465099294
4.76323000442
3.63028888136
8.18306939326
-9.00885132761
-9.89974611158
-5.01225026666
5.87665595037
-4.34121768745
5.76726413786
6.36690739863
-3.95205434346
0.980983247249
-5.03282849014
3.37926095447
-1.77613253257
4.1560404267
3.28153351447
-2.39350300908
1.54383173831
1.29404887572
1.40410461482
-0.731634919142
4.0189614577
2.53957702731
-3.99857855747
-1.26071132578
-1.51622167034
2.99408898437
3.24569352079
-1.2783076913
-1.73053433583
-1.65771734465
-2.15026907521
2.30032171014
2.95429811332
-1.05497211242
-0.605351145863
-1.30906659104
-3.06252855451
-1.98787173888
1.41087149289
2.55553809803
-1.54590304882
1.86460595152
-1.94020545695
-2.42932687367
1.54730339189
2.09209286284
-1.92082200385
-1.66312848939
0.725359099492
0.523880857379
2.18347321152
1.66061889135
-1.55215599302
-1.56905941038
-0.854839466556
-2.09281001177
5.53109118433
6.22833583085
-3.31247798504
-1.1028836233
3.30713294053
-3.37788631383
6.2135344814
-1.0446313327
0.488085973654
-1.4972494639
-2.51189715477
2.91913157815
1.36646177745
1.63458253872
-2.98650934959
2.36961192231
-1.36084064148
1.52892067657
0.906353383887
1.20872416912
-1.45193669288
-1.10336682629
1.18554324212
-0.857227210051
-2.08355129488
1.37422963456
-0.934104594522
-0.668730039082
0.755290919298
1.45855327288
-1.18996244918
-2.19758655548
0.841083532554
-0.609807279272
1.37385880865
-1.34721570985
-0.655362290189
-0.584221431913
0.871980824261
-1.68725247638
1.22429485162
-0.981536250918
-0.35633387898
0.339147097287
0.5306838913
-0.659881075172
0.96957040883
0.635973510684
0.571560724215
-0.944828560737
1.09103238373
-0.932398886367
0.729164272244
-0.660208611594
0.71699882976
-0.529394650025
0.669795279624
-0.413536729198
0.327717418826
1.07629683458
-0.956338062009
-0.621177598483
0.606681652258
-0.473035975043
0.854160135629
-1.36842939502
-1.89505043787
-0.521018665141
0.521530498484
-1.32778085888
1.7984300166
2.09266602781
-0.290029520477
-0.376666319304
-0.508477433582
0.846321579642
0.967745990144
0.331071448932
-0.375860049928
0.799370561169
-0.626667549543
-0.449410657526
0.62847905063
-0.316788225852
0.376092397953
-0.687812839464
0.385033547746
-0.324836732283
-0.379004102493
0.668646849382
-0.577083557271
0.258689090511
-0.280139842574
0.402573024231
-0.44629498491
0.276727234517
0.715337933415
-0.247962372942
0.152361152221
-0.284136407211
0.486809888657
0.185396229569
0.198331221923
-0.213412807195
0.445271619152
-0.551457775634
-0.367213696744
0.173585582167
0.129782832811
0.193010840687
0.368192203274
-0.263224773503
0.240411160767
-0.24745608461
0.347259406066
0.277488849434
-0.457160997527
0.290362985344
-0.329155836968
-0.357871423015
0.17674377681
0.170467731113
-0.230119507596
0.111914934586
0.484278757462
0.262764167769
-0.30214196644
-0.237593488181
0.180388920102
