-19.5674573035
8.2924617578
23.7214579246
19.4929655222
8.12873571091
-10.735753165
9.01675085002
-11.258446206
6.93507621469
4.74552234062
3.66665200672
6.35210859723
-10.6482140918
-4.63420402469
6.77448164001
-2.11233091169
-5.50212777713
6.28337953297
-2.69190023953
4.47248212663
2.61320350635
-5.98983855072
3.24359689355
4.22744285026
-6.26390042865
-3.91635412067
-5.31781672414
-4.48469298393
2.61866863002
3.5751596428
4.07715892334
4.46670743519
-5.90205956995
-2.96612235184
-2.24355713154
-1.50489311214
2.07823811509
-1.25165660502
-2.1296871784
-1.35459311794
-1.514919339
-1.58331257937
2.5714059971
1.63594922985
2.66936443453
0.998376416292
-2.30440596544
-1.5488033514
1.4773377991
1.1798327664
0.81594052793
-1.34985586321
2.50816733042
-2.30076814366
2.66889709616
-1.2886052164
1.43116347581
-1.19026920288
-1.16417658303
-1.52812330778
1.13429381912
-1.74047593485
-0.872688300827
-1.14372960123
1.75321499167
8.43238207878
5.5814594005
7.33914779316
-4.2782720939
4.22635216362
5.99019476265
2.72081605835
6.13055628869
-1.4898253358
-2.14589696074
2.12915300011
-1.38351761769
3.2926392182
2.18145569022
1.47177200967
-2.25649424444
-1.16864578689
2.30579794012
-1.27853421877
-1.68947705289
-2.01306337565
-1.8689057343
-2.05185285019
1.33575172507
-3.20792937086
-2.22409549332
-1.43442239883
1.67663109524
0.979704895797
1.40144357695
-2.2156661557
-1.5970746506
-2.91802327365
1.54028670229
1.37941110551
-0.957111745171
-0.717631139716
-0.790912405114
-0.747299544019
0.93113869366
-0.912633209169
0.963866643411
0.883255076471
-0.947190938257
2.01787253439
0.630844382248
-0.77826600473
0.732861454754
0.778992435381
0.346098475774
-0.967570693901
-0.862858073273
1.29968548201
0.946287887317
0.834919157003
-0.856608536065
-0.436856980117
0.595754459612
0.626208822053
-0.656019720088
-0.973973063271
-0.939075268418
0.561793648924
0.785508650897
-0.616039184757
2.77442912413
-2.86793057385
-2.36334849859
0.784949412789
-2.57325954566
1.3682453438
-1.52565282425
2.50815594257
-0.7707097713
-1.00986796798
0.606388507174
-0.662225613746
1.49297474308
0.458519698172
-0.53628592174
0.773463670443
0.34225062662
-0.836407514555
0.552994468685
-0.87813690233
-0.569860734677
0.817020266864
0.82751760238
-0.268495580075
0.898432754122
0.69140156227
0.486654430426
-0.565239568309
0.224078132438
-0.477627831723
0.686911492138
-0.515122467691
0.991001114442
0.592208570385
0.401702724385
0.381616673554
-0.281926067984
-0.252835424878
-0.190013896165
0.276386290621
0.292904095503
0.221178818265
0.313217408902
-0.243678345688
-0.675408766686
-0.352277596744
0.259017773878
-0.158301200571
-0.189647625177
0.162151040639
0.339538198161
0.193737984144
-0.492283920425
0.389071782445
-0.348308951646
-0.304068830635
-0.179512697604
0.189516667972
-0.190553565933
0.250328007609
-0.284370409803
0.331032754043
0.224358135977
0.176817743186
-0.288766991426
