-22.0161927172
17.338812084
13.7670662077
15.7351105224
-16.2321276791
-11.9322972881
8.31871108626
5.52863566248
6.73118018593
-8.37242338572
7.0116685117
6.64919390422
-5.56728170557
-2.61120988571
-2.20124021725
3.19030403106
3.28898208496
3.62261375309
-4.70062972458
-0.933448364037
1.96308739991
-2.31173968536
4.88784922454
-3.15589771096
0.633643076868
-2.14673082355
-1.46182488521
-4.55634146611
3.20283814337
1.53329700892
-2.70443043495
-2.16471123123
-5.42558484686
2.61477484091
1.15337066121
1.09930752329
2.1508426493
1.38416383391
-1.0220562961
1.01967167947
0.610176433461
-2.62866356858
2.81199956691
1.13061208738
-0.44225745916
1.10172536893
-2.05728669255
-1.37327341467
2.08869497458
-0.558172815923
-0.937043899802
-1.03389510882
-2.30781123418
2.49421159451
-0.97498730866
0.342785434356
1.04121276392
1.82640362059
1.52120415314
-0.512724619633
0.801346232589
-1.10317790899
-2.67019301266
1.13125130232
0.898981792719
6.05046366238
6.17252622725
5.12398536829
-3.78279339553
-5.76509294265
3.08014332039
2.82025474652
2.92781717979
-2.61552036506
-1.2682427926
2.11260179837
-1.5780529478
-3.23376561384
0.930046021426
-0.639581344929
0.912315838264
1.4236004662
-1.44830925269
1.55615019752
0.658751348672
-0.807477651459
-1.21271776897
1.62863077422
0.833044010888
0.394133686275
-0.873905232697
-1.33148974041
-1.72483927415
1.25520409836
0.56651156858
-0.817704425317
0.813404992187
-2.23801501525
1.34244698906
0.605716868883
-0.537716356464
-1.09149489999
-0.788590125302
0.720030665786
0.577010364278
0.40435581708
-1.01291074104
1.84753663933
0.577178847829
0.215868902762
0.379808364216
-0.712824593236
0.97517548141
-0.553370814063
-0.856315331469
0.311762586626
1.07302800317
-0.837789491474
0.713011666145
-0.664114872333
0.265858078416
-0.395449229909
1.30794842965
1.04076202317
-0.409605288976
-0.317204382495
-0.374389489787
1.45013728435
-0.330948510581
0.411141415407
1.60459575668
2.56223430622
2.21643163983
1.78577630477
1.43927228508
0.719584362736
-1.24250494649
0.533069389185
-0.761119225284
0.315284628173
0.484297608648
-0.684112324174
1.46895407654
-0.449185855292
-0.184441195354
0.346658162501
0.409501302643
-0.614410398678
0.504001334769
-0.407596854481
-0.331979032648
0.542407853734
-0.730294722504
0.312955187658
-0.194817585323
-0.303390223809
-0.545473202215
0.746973806842
-0.335775574581
0.200170186224
0.293060239211
-0.303445626044
0.949658137808
0.352486826091
0.125579192234
0.240001423964
-0.371672875742
0.24556318019
0.217752033998
0.29640978754
0.139694208851
0.294273842587
-0.510939029151
0.265055179069
0.116052885308
0.141979286393
-0.167631079078
0.288484112893
-0.27217392709
0.159647899387
-0.103404574932
0.282010369494
0.367931672549
-0.204320237881
0.110375482406
-0.12218274919
-0.181463473451
-0.486946307303
-0.34907663629
0.139651499039
-0.12184720976
0.129917550906
-0.400025715505
-0.0590886760189
0.115954697924
