-2.3718342938
-7.82008835454
8.55206953682
-5.18173014964
-6.5948082533
2.24285396534
5.32533050629
6.20180940653
-6.25301923274
-6.99989414998
4.8376781498
3.93333061061
4.00862655723
-8.57384244372
-8.74768171363
1.64484284886
2.25919245953
-3.67189485555
2.96301370816
-2.56837700122
-1.95582683426
-3.98707627319
-4.81097649581
6.00188240564
4.96022269681
-1.55667192338
1.92862890182
-2.67348130592
2.53590314299
-2.10409011223
-0.996042615528
2.8526342058
0.33577869645
-3.09524025458
-4.2815126932
-1.31032416944
1.2423402368
2.31684381429
2.95608991006
-2.75916421078
-0.873674570142
-1.99574574339
-1.90392066403
2.88957486138
2.30127802579
1.72710635699
1.54544713678
-3.56892941785
2.45928442194
2.0901816771
1.48324126974
-1.61000661185
-2.32959232351
-1.10083721471
-0.840230192916
0.643860835961
-0.526301843087
1.20020946128
-1.54737875462
-2.0163646655
1.36888739069
-1.1274343573
-1.73341469272
3.2248426966
1.7608152615
-2.19080718196
3.65997370877
-1.69562770636
3.91053859476
4.41460140352
-1.13697723912
3.310472203
-1.50480913448
2.0831909257
4.46853223486
1.91889322351
1.20417507188
-0.892150828997
-2.12260274977
2.51370366927
1.81151286767
-1.37381098063
1.48125253178
-0.881983146325
1.06110118293
-0.977496840976
-1.8228213694
1.1846930366
1.53373194471
-2.16050067793
0.852995887609
-1.26516393079
-1.17113451237
1.43158089528
-1.55446363743
0.507533393239
-1.21523212672
-0.256098329078
-1.94431531976
1.41257971204
0.656775166662
-1.03214663236
0.62796093332
-1.75783782301
1.01945285602
-0.942579780217
-1.62002155175
-0.689359001123
1.53365696743
-0.89897549446
0.70030437391
-1.02233445911
-0.865494969806
1.88320043748
-0.813527260125
0.56260188379
-0.683285840372
1.06818334411
-1.00052721342
0.491060597089
-0.410313103738
-0.318039322777
0.393489588338
-0.631907193017
0.851611948205
-1.11271819622
-0.659546096247
-0.423315446196
-1.3946000903
1.06510793302
-0.704611913792
1.46080396761
-0.82719154607
1.06291285246
1.7907091999
-0.463911249372
1.15953683182
-0.357898656355
0.733446312203
-1.54789046698
-0.681582430717
0.483021550984
-0.283434518613
0.842895640331
0.742353483085
-0.448108531144
-0.419822197111
-0.56036081025
0.376245235665
0.672655575535
0.435379142065
-0.634035804258
0.499261182316
-0.386629828975
0.783270603604
0.303742132304
-0.474094711081
0.453738080281
-0.48450327994
0.621133347513
0.275948402361
-0.486078973479
0.115809835509
0.501196676361
0.83922375795
0.193880756846
-0.351963122696
-0.292814664313
-0.525983935297
0.585139483422
0.191729347372
0.500044104065
0.190008551574
-0.371061276459
-0.339684875156
0.210844727114
0.254762733332
0.237801297039
-0.49776924094
-0.381899865997
0.2107676302
0.211849911299
-0.2456607714
0.449084282795
0.139854090929
0.14058033109
0.177882227779
-0.151366033618
0.219118116509
0.300722495004
0.269257329725
-0.242524220943
0.281592138437
-0.581578765926
0.516699127619
