-20.2842546692
9.90659456779
8.89695084892
13.3316226862
-15.4641153466
-12.6951181616
6.61276492181
-3.09844828295
5.92250893259
-8.32841209214
-5.3578279018
3.42814299395
-2.95962495557
-4.57631127832
-5.49577040575
4.35824637628
3.76300818148
3.70678342445
-5.04807451846
-7.12701646565
3.41470164684
-2.29072400047
4.21393372036
4.83347451115
3.31465423143
1.88349592182
-2.35245231075
1.52383704699
3.61052342153
2.66011030336
-2.79907094434
-1.48325125114
-3.89639854363
-4.03620587944
3.38724309767
-1.62655717947
2.47114123219
-2.40127652158
-2.23364498366
1.94746567359
1.64131888643
-2.27920897335
-1.95613245809
1.6368471222
1.34379036391
1.57903386791
-3.34499672344
-1.5994876749
2.04109474147
1.2685654878
1.58520810906
1.90323051591
1.3672326802
1.5402465658
-1.15729185273
-0.973711577424
1.5160292925
-0.833652809631
-1.50894766599
0.832231561136
-0.56632897482
-1.69080875933
-1.50602648619
1.36014053187
1.31058835135
7.2203574187
3.07571801605
-3.85408166124
-4.30665357972
-3.26714455302
3.52189507269
-2.21233228797
1.88647216914
2.29922400743
-2.18335303473
3.50994983775
-1.04383035125
-1.44164599025
2.88718195898
-1.86794244164
2.75970884513
1.90006184495
-0.94685339275
-1.05523514948
1.68653719061
-2.87149924236
-0.918901086661
1.31767311864
-2.86166838601
-1.48347336852
-1.64807229785
0.883106897643
-1.08071941432
-1.55962853577
-1.68599986181
-1.83280611082
-1.40946315652
-2.03564103415
1.2086673028
1.6015337301
1.12563219197
1.37060648036
-0.97865005784
0.878681367834
-1.71149009835
-1.22542714069
-0.872818194003
-0.815020677116
0.939738420763
-0.753298231109
-0.941821683444
-1.07439553612
0.851359286286
0.879729731458
-0.720466202169
0.993145554441
1.07127725692
-0.648079102378
0.729551745418
-0.718170330059
0.674625775923
-1.01078124073
0.496182418699
0.704791808877
0.644330494346
-0.344787299625
-0.652250807553
1.22644438998
-0.72316182046
-0.731920474047
2.79063761535
1.36989778439
1.17850915526
1.39971129597
-1.7888329502
1.15992750714
-0.659682602107
0.567031453509
-0.423556211935
1.07882057421
-1.18262273245
0.332569583627
0.936825912586
-0.958862117467
-0.568365579197
-0.938040558959
0.487610044158
-0.500584405216
0.268062478292
0.685443085023
0.866650074116
0.239401497276
-0.661596001884
0.696757737597
-0.685622316747
-0.662655399812
0.240517218492
-0.245034362841
-0.643631751335
0.43460793394
0.7305515952
0.274961532898
0.67344726936
0.312393635012
-0.4801477508
-0.254914895763
0.382667618574
0.464332856419
0.387362076343
-0.409042738074
-0.320811281787
0.329670953739
-0.41639483937
0.247736122401
0.278929576367
0.463549379835
0.341421005133
-0.273785347075
0.376248075551
-0.312217975598
-0.278717548315
-0.357335819141
-0.399873455614
-0.260865799971
0.305068242878
-0.186461787269
-0.363949391879
0.288240518073
0.23929404111
-0.215641385071
0.231340504459
-0.162800126665
0.251556307444
-0.302373713268
-0.230908008518
