-10.3869545036
-9.9753437246
8.79872216025
7.491953342
9.05276618354
-5.6774258072
6.04265712465
5.3799479293
4.56099551207
5.22336011563
4.09253321202
5.58503190898
1.30624981189
-7.71984454754
-3.85109178645
5.78891382192
4.89864795161
3.78920231851
4.06756195494
-5.42382156777
3.46189004254
-4.8903899814
-2.09468252439
4.48327293963
-2.56676604863
-2.23985767999
3.81419786127
2.82833450553
-2.57592453045
1.17764192682
2.79905459972
2.34457697252
1.2556486495
-4.77422559365
-4.52357102538
-0.97156655158
1.28214220357
2.97950308194
-3.1585022385
-3.05653513227
1.3697458824
-3.13166179621
-2.67519463175
2.65593191128
2.22292584567
1.22094852233
-1.9087021306
-3.05119477635
3.07445660357
3.03482813247
2.03287663066
-1.44493559925
1.21083945177
-2.12091119643
-0.92386735612
-1.23665937477
-0.850355216617
1.49043013698
-1.53902477033
0.64541613591
-1.26491199189
0.548158479498
-1.32206519583
-1.25119796722
2.00457257145
1.36871772017
4.0286019857
-2.43692840574
4.23581207904
-2.8250887152
-1.52190485519
2.4764420189
-1.64870538885
2.19356925581
-2.14273432545
2.67313172964
-2.15688059656
0.986300627388
-3.30649531629
-0.93682015135
3.53692107435
-2.40234606221
2.28401691543
-1.99133124863
-1.0779955646
1.65332250744
-1.69820141972
1.09732737678
-1.39129794666
-1.07794663707
-1.59371103494
1.45004664818
-1.9447973748
0.976271770532
-0.703701456079
1.2310159994
0.950844421082
0.929228639209
-2.07048759932
1.42035882022
-1.06978361716
1.12888337487
1.1952053401
-0.589807502004
1.12005723608
0.66310932682
-0.752747131528
-1.40868045527
2.18954136956
-0.539036886583
-0.497195404191
-0.921837306734
0.751427220002
1.78641846172
-0.785986428538
1.01999078786
0.729566083899
0.556824783787
-0.880257529585
0.373843224823
-0.508560812514
0.511155572587
-0.557819281216
-1.09187555107
0.484809350593
-0.780950682217
0.44172615558
0.562802913494
0.931038166966
1.05754140352
0.97514307847
0.96852119361
0.486615122487
-1.20580404699
-1.01742557032
0.807761844038
0.449900219121
-0.42633088984
0.593468102488
-0.561973882552
-0.715930360814
0.550002008285
-0.484472346968
1.16744922535
0.542237639509
-0.957107253112
0.659687219065
-0.557120130697
0.683385369184
0.287448828022
-0.916964350928
0.633132772949
-0.394314078291
-0.436723689456
0.302953675352
-0.470476820489
-0.848711005744
-0.483762967354
-0.196200649622
0.332314926877
-0.49944176545
0.444571763169
-0.655760344759
0.760882491227
0.583919282073
0.374689767437
0.464415274856
-0.364579881016
0.231774700952
-0.382776363399
0.323622754915
0.416267169476
0.782946981454
-0.807469887536
-0.323184469363
0.196424335964
0.310790247935
0.431484078059
0.674665277377
-0.561665033787
0.445890116031
0.296921864299
-0.152472190488
0.305056430344
0.133315144411
-0.246153972323
0.107288673103
-0.343440104293
0.434791036122
-0.1283707933
0.314356613931
-0.155833271081
0.172143194632
-0.224744132897
0.354280608275
