-12.9737217524
-6.93078626012
14.0106273436
14.706591869
10.5907430265
-11.9605514932
-1.86351072126
7.57650887902
-2.14257124783
6.89174672194
4.06334056815
4.96176234614
5.09884530097
-6.18226774309
-5.32908503968
2.73914158333
3.15474210297
-4.50219317846
5.21642641485
-6.48521657861
1.80375474958
1.89994768853
-4.32386044229
5.13407155666
3.57038074013
2.73678719934
-1.93476260792
2.7840475033
1.65578907163
-2.66050597771
3.12034297217
1.69039525347
-1.64679470569
-3.67959495099
-4.44220818641
1.26187397755
-1.1483023621
2.23829667474
1.2811540112
-1.88535489633
1.07730405257
1.05734204086
-1.53607173561
-1.01551179591
1.57570620328
0.711599628496
1.64829627521
-2.64716636764
-3.13535022521
1.91455889447
-0.954910756063
0.76541389657
-2.00485585104
1.3718206377
2.27582147583
-1.99595569334
0.624924531021
1.44377761239
1.20349892817
1.95762395266
1.89751838194
1.04409711218
-0.751229042098
1.17334931788
-2.28599428297
-4.75029609416
1.2429126168
2.99596313884
-3.4858049306
6.28312924853
-5.34612783273
0.993138388546
-2.55054489194
-2.41092424871
4.30880235115
2.69091461934
-0.8563024259
-2.27553516076
-2.16285196854
2.2778928752
1.76178991497
-0.42988589239
2.87337108385
1.65893927204
-1.20199604512
1.37824209995
-0.690730214926
1.5407587768
-1.44295576182
-1.91326991261
1.57543984941
0.911080698291
1.8037917541
-0.985031754914
1.23132956691
-1.60761419597
-1.19722452803
-0.892424448419
-1.16649824799
-1.23628902127
0.693484852102
-0.540768344364
1.465085231
-0.588891804792
0.643960361826
-0.726240978883
-0.73018576672
-0.495165775698
0.728092662363
-0.881028451012
-0.658090931343
0.593098257898
-0.735024984957
0.978862903123
0.868393710763
-0.932037201505
0.390930107694
0.982263658067
0.73869573189
0.643758895992
-1.44659827357
0.359729633869
-1.22982371714
-0.637473649601
-0.639362117842
0.918534484305
-0.512529809168
0.603824096129
-0.871953395336
0.562814310083
1.57132098273
-0.997207018133
0.808420919364
-1.28202316252
-1.5603750949
1.56545080489
-1.06157718621
-0.735164136523
0.762625655117
-1.06220419031
0.692820408237
-0.88680426131
0.600682778637
0.611523179185
0.673779099004
-0.438516054358
-0.267574091534
0.983041519311
-0.921862812788
0.618865811659
-0.424849623122
0.209008032404
-0.699513781112
0.489879277232
-0.542738002017
-0.38019575091
0.387249064144
-0.437358937183
-0.342452289801
-0.487559084404
-0.474428084387
0.48767106356
0.34464486872
0.414555560225
0.485437411131
-0.185924625323
-0.192915892376
-0.375885656139
-0.228309121956
-0.213149130322
0.197428916202
0.316510321939
0.241311342506
-0.276152771364
0.383985859024
0.187543905998
-0.2148398062
0.174419090124
0.358251742783
-0.297805095808
0.335871047392
-0.178864724881
0.228155280598
-0.323812430436
0.342030791252
0.330342508805
-0.15594258536
-0.461322814141
0.4285558402
0.284109236151
-0.223343158001
-0.160680745855
0.254815257168
-0.220332148469
0.224374928155
