-18.0409981655
-6.46589956878
12.2851336106
-4.49005570535
8.92619535766
-10.7489056809
3.36102811363
5.01955938592
-5.7835712194
4.73579464103
4.42921725631
4.11123290893
2.0599353803
-2.63913521896
-4.75439564102
3.23432320248
1.04992610155
-2.1513895928
1.31988970085
-4.26660337102
2.69741469555
-1.50899327636
-2.26591489422
1.74569544453
-3.08330391428
1.69380155434
-1.63018873148
1.50199124558
1.65299569196
-2.59509777685
-2.45492308372
-0.866319819046
1.66216465403
-2.28742767783
-3.94891612945
0.881826820121
-0.557586287442
1.41690563042
-1.65471069019
-3.10433639772
1.5072306438
1.01973263805
-2.30781457433
-1.4693992141
2.46353320372
-0.589775745462
1.39375130353
-1.86836536508
-1.17532564212
1.99113926486
1.00439763451
-1.18493223518
1.20890775199
-1.1680902568
1.35860654546
-0.753597876975
-0.387879470117
0.624623172109
-1.37257273859
1.54871907768
1.10653253786
-0.618381553725
-1.11434705923
0.821150010985
0.953268093843
-6.08908498398
3.73747933031
-3.94447895076
-2.51696251244
4.56004433493
-5.29278387186
1.70044669729
-1.65425000736
-2.3383393301
4.16780080277
-2.23507966131
2.16985625198
1.38161216924
-1.38449931238
3.8845069734
4.08736241462
-0.841941302528
-1.09794046344
-0.518129027049
-0.836517939935
2.45737608208
1.09153767208
1.00844193537
-0.321170291284
-2.7430834174
-1.22813889922
0.630328817523
1.10650693209
-1.23620151019
-1.03061372991
-1.6528757568
1.29398127747
0.869237292369
-1.6855713054
1.16523173831
-0.452111838765
0.51327276621
-0.642947911133
-1.10246749661
1.6464603055
0.581290276725
-0.33279678552
0.717667635386
0.540488828604
0.833130604123
-0.734991410651
-0.539806982253
-0.393590893051
0.754249731518
0.708912042075
-0.527261896366
-0.492876405991
0.72855024257
-0.435250256267
0.596156287627
-0.295608202032
0.288756760875
0.418367384629
0.571399247515
0.607931414667
-0.642007386545
0.365302943553
-0.47548018515
0.535893293625
-0.466139312475
3.48706872932
1.29061497004
-1.2995501029
-1.18217024396
-2.31654367396
1.82477149848
0.615820410158
-0.677840578993
0.70834832838
-1.88560838658
-0.81711443823
0.89723413773
0.499143811452
-0.441713508746
1.0478682392
-1.26032853481
0.234241891028
0.357301058807
0.137487919915
0.620732153947
-0.732509433621
-0.411894672706
0.249278344409
0.174884161002
-0.74600937061
0.275881887261
0.347434144295
0.268602492268
0.328198135904
0.330625158888
0.554026511922
-0.422160904999
-0.35597372265
-0.613081698911
0.559138387802
0.212439664463
0.136400203704
-0.231964892487
-0.325519616402
0.658771506308
-0.217848957282
-0.127215646695
0.17787581587
-0.27730775428
-0.231414630162
-0.18404801136
-0.167064301905
0.159300059754
0.249920913961
-0.22872346176
0.155990589158
0.19204087309
-0.251479430079
0.251004859881
0.165644108572
0.178967796456
0.104840434242
-0.10932217232
-0.141826902274
-0.292171387022
0.128552447697
-0.0672802453062
0.228182197932
0.185572827458
-0.230598567237
