-9.77846765259
-8.48986163796
8.12169285861
14.6923911726
13.7223701223
-5.22646771278
6.00038771341
4.77134507069
-7.02594940411
-5.80055552783
7.87485918297
4.50345784801
2.40469023377
-5.90156051995
-5.70617964398
4.25670776032
4.39043079934
4.93680986433
-4.70533220229
-6.44495480737
-3.22624346386
-4.01319315599
2.37024365166
2.90639243131
-2.48670997046
-2.3013204377
1.87208051317
-3.91574727191
-2.57842684119
3.17981301353
2.53523411683
-2.04012391021
3.41816626711
-6.04773326735
-3.38568725356
-1.12376796769
1.39094312927
4.43347306055
-4.47499182752
-1.33514489819
1.91527948036
1.33154859388
-1.06946545793
1.97051902763
0.690207414185
1.43553058024
-2.17657366212
-3.69948287102
2.26179067519
2.18780157029
1.96628298446
-2.43068548771
-1.59332093233
-3.08076810996
1.51768147798
1.17576150725
-1.15088372441
0.723390044976
-1.63289974186
0.798706505974
1.64902802915
1.52549266717
0.644816104496
-1.52501590901
0.754880565227
-2.4052221241
3.76278759465
-2.63343808226
7.3844860402
-3.63501055211
2.64797385155
3.1118661479
-2.06437534449
5.12039143105
-1.85946801062
3.02987408409
-1.00379621744
-1.76743372274
2.18122150558
-1.41290615766
2.74494898575
-1.3806972121
1.35533039854
-2.27320052009
1.02243980401
1.78931347189
1.45529793052
1.91099640787
-2.05172783669
1.29557660719
1.48539070929
-1.27001883397
1.78875116954
-1.52917231634
-1.10338375771
1.13765524816
1.39876647229
1.3411645859
-4.1536256825
1.83111609242
0.783966936892
0.644195482157
-1.04648293569
-2.17562824928
-0.829595169255
1.06589482202
0.817666697823
-0.539933429311
1.10379845106
0.42134164682
-0.432856900594
-1.24830869796
-1.06741187746
1.39794756881
0.801854133699
-0.849930433167
-1.06824906345
0.943297263765
-0.884631633202
0.628825006378
0.799819669567
0.834080119297
0.660626160705
1.01246167885
-0.530936222535
1.25016871777
1.07451655534
-0.424444805858
-0.643021259477
0.356104306276
0.822018840954
1.21420520335
1.55070825278
2.31558643154
-0.844271271591
0.700015496067
0.998000212511
0.730262815946
1.50299259598
-0.365930602754
-0.86948583126
-0.46989700333
0.719502563109
1.01280721468
0.234848343211
-0.731971222745
-0.66089711804
-0.485793027743
-0.687928190031
0.497860999462
0.691421763875
-0.708236052787
-0.478504376444
-0.6259205181
-0.379366139305
0.493105044221
-0.671623490466
0.689334187011
0.415084035161
-0.37750013001
0.324107784191
0.653690718525
-0.598793695887
1.10591957492
-0.440510578367
0.250391392385
0.290999323625
-0.482108264363
0.778600220565
-0.310602107854
-0.373303576046
0.433351807781
0.246880047478
-0.449299599671
0.200638552905
-0.122337856367
0.461621907427
0.289591510256
-0.437539110958
-0.236806539222
0.253401157964
0.391217453082
-0.289166968214
0.424733999522
-0.214277688957
-0.252854067956
0.291355860634
-0.196603855948
0.433163805356
-0.152542177289
-0.440352693546
-0.331244079253
-0.17524363172
0.221964972889
-0.118875776472
