-12.4970320934
9.29391897345
8.59409939751
12.7617867092
-12.3668584762
-9.73137130657
7.30687566835
-3.93040810732
7.39992975716
-10.4377901224
6.50642519532
5.39793753549
-9.16956020411
-7.88237719266
-6.16099601506
5.93065265642
-3.88172464892
5.08507807079
-5.8459125422
-6.70928581518
2.30634336595
-5.07984833354
4.84704229468
3.55281060382
-1.77534007146
2.76019041623
2.74854718453
-4.76560290019
-3.57233368691
4.27868970676
2.25169428252
2.35975757983
-8.13624378925
-5.89816408593
2.92134495729
1.08568337999
2.54260857467
2.55470817354
-3.32618279939
-2.22545132528
-1.28774527273
-2.7111298948
-2.58253330521
2.61007581615
1.80587142112
2.4764431333
-3.36489266451
-3.4563867342
2.23466286666
2.52313225875
2.22193067946
-2.07502868474
-1.87496769547
-1.76272018175
1.74587816569
-1.15477952299
-1.40678035555
0.79736736513
2.12064007708
-1.47840629938
1.90041258955
-0.916378582759
-1.74355745709
-1.58365124025
2.88590607443
2.53728182453
2.9728075688
6.15399916076
4.82052836933
-3.18475415628
3.03972971359
1.81428889301
1.74261264339
3.76390146083
-2.36628866664
2.72501559437
-1.59221799619
-4.6744197644
3.49964505049
1.74619631097
1.97727270459
2.42628841281
-2.1535151894
-1.69790614358
1.53063093451
-1.00678690994
1.49602672095
1.50645135758
-1.73586752765
0.990981473287
-1.08074022588
-1.73284643207
-1.98885611436
1.37831825086
0.882043283256
-1.03253477227
1.44946339618
-3.20974424734
1.50807671206
1.6120920726
-0.915572417614
0.881517634293
-1.30372258961
1.34306279356
1.52799566003
1.02581314761
-0.905877465853
1.99946065075
-0.814519137052
-0.805965955556
0.791724055966
-1.0500810362
1.53469461976
0.683061546953
-0.577387562132
-0.735304128712
0.952376552052
-0.776556615715
0.719606865292
0.790156998084
-0.66870862303
0.693202145181
-0.295940491049
0.586698597646
-0.636775950438
-0.582233818675
-0.55945653914
-0.794271770007
0.676062365216
-0.761325164545
0.886265135234
0.963255805037
-2.37968585562
1.74207987238
0.572140665103
0.876883643726
0.599044094891
-0.762834377736
-0.943115640697
0.519086847985
0.872282162069
-0.471548481182
1.32476375355
-0.984129423886
0.646081828403
-0.663561579788
0.742316873687
0.658755827599
-0.544853566145
0.534806290667
-0.41113058107
-0.462000688616
0.452911223813
0.341980988038
0.289067446924
0.49534042792
-0.660889738001
-0.641193481974
0.516233951156
0.40288848351
0.302156891946
0.447237892806
0.983577357592
1.01814615047
-0.48414692309
0.2242509243
0.262877209175
0.402498432555
0.419903479883
0.49622432532
0.373736836834
0.325532645513
0.569066604614
0.213355045581
-0.310973402985
-0.267155076307
-0.249286685546
0.42852012533
0.323516134619
-0.253136567552
-0.288892146951
0.276241992885
-0.22391381566
-0.215395481284
-0.174927649354
-0.11533305888
0.236861816416
-0.106267918618
-0.193038188325
-0.130730952386
-0.262487823831
-0.241185568005
0.252099858433
0.367583533806
-0.345081568423
