-16.5201119693
10.8863805759
8.51000538009
11.5786061366
-13.2531104686
-14.0381692593
6.21955414252
-5.5162774694
7.30633940198
-10.9737190168
-5.95509084622
4.60000216041
-3.65190384822
-3.51733595418
-4.07313856827
5.10543119995
2.38164851547
4.30482944572
-6.65141126584
-5.58862898734
-3.01417016536
-4.39147811921
5.89023095527
-5.41544170517
-2.94909467874
-2.79766729738
-2.34893926852
-1.54582442308
-2.42456978616
2.25906925821
4.47386659909
-2.89124092004
-3.50126749857
-3.03005902726
3.5145929008
1.2809883118
-1.60433590308
2.46377065293
-1.2258680724
-1.40955507633
-1.53074971644
-1.30324816886
0.909155843142
-1.08497353715
1.33774266611
-0.775406894703
-1.95783237552
-2.37814900331
1.76103180359
2.97172984128
-1.11710357715
-1.56187587149
-2.14355502765
1.51485867151
2.43922609343
-0.810944583585
0.544535962212
-1.83067277023
1.45772483222
-1.48421195645
-1.33897957169
-0.808906780592
2.03905214216
-1.85347843038
-1.49019239964
5.25309072571
3.55696365215
-2.65946001841
5.31736510846
-2.50430857922
4.06319853424
2.18638799057
1.96600664006
3.63932184528
-1.7739462782
3.25125416178
-3.02622345048
-1.1520214476
2.62644428636
-1.35360949485
2.63520122159
-1.59078697468
-0.883773396715
-1.17215729383
1.17385374063
1.19249113352
2.80054791911
1.25327626163
-2.51474324205
1.05937798897
-1.41672411401
-1.03916566372
-0.778076600761
1.03295843763
0.991382975358
-1.77432555471
-1.25344296962
-1.58617468963
0.751280655133
0.807018133443
-0.86070712671
0.705159918862
-1.08666097109
0.737394523094
0.660822511696
-0.642594332033
-0.727553356071
-0.554086871944
-0.846858467281
0.699185755777
0.538178083331
-0.545158290407
-0.590124938321
0.655806323007
-0.799700243173
-0.768369216062
-0.687638849694
0.436028214925
0.770615215016
-0.550585125494
0.538187429359
0.425189527675
0.847627472299
-0.851677449071
1.08166840447
0.675348783966
0.587787720795
0.567589907088
-1.53793626443
0.76776347356
1.49828864802
1.22416218177
0.612730656038
-1.12087337951
1.20089622551
-1.06561824868
0.835837415466
0.664819376803
-0.837782377784
1.19446250638
-0.987292950351
0.827679321828
0.66410061198
-0.715950994838
0.721334845036
-0.905922017473
-0.592804328933
-0.417420790376
0.460701705436
0.450144406813
0.448773472191
0.931243239169
-0.729477044031
0.557829998678
-0.386717886402
0.536714095675
-0.40615757073
-0.3279437052
-0.472663736828
0.410192830339
-0.506703865074
-0.523107718885
0.377916762477
0.257614113351
0.356882602446
-0.330137381164
0.307532819422
-0.520434146507
-0.253292289462
0.200620884189
0.321251013821
0.254046472147
0.223686412936
-0.292946653556
-0.180783695249
0.223753525989
-0.239661408184
0.136269272176
-0.186962052025
-0.290531493653
-0.378788713428
0.148336350719
0.156430859125
-0.171008692466
-0.179966251065
0.218514514523
0.134539298975
0.355329074256
0.37493043174
-0.236230026277
-0.211733493183
-0.222527572581
-0.333560691524
0.433722072129
-0.194520719093
