-6.73240436223
6.32231760032
-13.6058891652
-14.0480799012
7.11889375887
5.44219368708
5.20034958029
-8.24673224086
-8.42335054839
4.47718325594
4.55794307045
2.95780187441
-1.46610036808
-5.70846517192
-1.20984954078
-4.69730535454
6.18403968595
6.6880468176
2.67643015575
-5.99595508037
-4.21241073893
-3.83622221381
4.41936691764
6.20241349419
-2.91836523288
-2.04010846061
2.5677716782
-2.43956220837
-1.62044928444
0.925836481229
2.86578465402
2.18578131538
3.31644905174
-5.76742757878
-3.56272977065
1.18948309539
3.41872881658
4.12048468749
-4.58300589013
-1.6392502696
-1.64264065824
-1.85777803053
-2.31393129821
1.51433042143
1.98912049787
1.594166077
-2.41652038249
-3.14882829714
1.99111270555
3.04208333828
-1.41259001504
2.27466426077
3.57511510616
-2.62130505974
0.840317893237
-1.85163339398
1.32496633648
-1.91876208909
-1.58651898399
1.5317934179
1.59168142909
0.996431623262
-1.55360268615
0.774923011024
0.553844670614
-3.85332782382
-0.571643312553
-3.16600840371
5.73642384522
1.52515640253
1.87129403155
-1.53630648689
-1.12959856654
4.42886428879
0.70200049265
3.8713583791
-1.18587886282
-1.57794922508
2.63547259128
-1.15307658635
3.56623241585
2.09816855146
-1.08049929935
-0.883628380205
-1.1521846904
-1.01534342195
1.20379654174
1.45591009971
-3.60210725981
0.408517488675
1.19633614642
-1.46264248094
0.988239475875
-1.57509429757
0.711047855894
0.821747962759
0.939841393105
0.783361945904
-3.41861246315
0.819664452318
0.593327639675
1.16842247653
-1.04643538938
-1.72976855653
0.660673978072
-0.605874831144
0.440864537017
0.797498469828
0.54746710932
-0.453957155817
-0.733170073197
-0.415478318681
0.911991288933
0.717940265524
-0.52940358092
-0.819101589052
1.01973294967
-1.10772131975
-0.677388625273
0.382003627124
-1.00338826779
-0.448052850069
0.791917823352
0.836392761485
0.355745631141
-0.733739878901
-0.846539613015
0.880007922132
0.518611209104
0.541249703575
2.00559008269
-0.672899026724
1.69259381756
1.64486182798
-1.54838403365
1.10188354486
-0.380873380311
0.863927722503
0.983388491992
-1.15250760323
-1.13379758396
-0.251155075989
-0.575167295971
0.846630821255
0.641757273036
-1.194653638
0.74675774718
-0.507163106537
0.237223399082
1.01152435309
0.429494427433
0.430474555755
0.232929507716
-1.02311553228
0.852677474263
0.659714013834
-0.499106558045
-0.41511135028
0.390001039988
-0.414518896143
-0.422725284073
0.399398557446
-0.84937926531
1.23391201641
0.342432084595
-0.196811624751
-0.271536028575
-0.429705112063
0.67774540845
0.154088709014
-0.244670584876
0.245419431545
0.296818216934
-0.15330202386
-0.144072896683
-0.155039334323
-0.114104422297
0.331867401904
-0.140610336541
-0.190149393706
0.206447008607
-0.25377762061
-0.340925175402
0.243614172598
-0.0960307311598
0.489304693486
-0.165840659285
0.217579069734
0.33934979635
-0.381148463557
0.153316608352
-0.25600268446
0.176671381986
-0.184490120606
0.208590266502
