-22.2408602862
-11.2507764199
11.7714887143
18.6275007829
16.5174027932
-14.1635052694
8.01634900126
7.48382667495
6.77186221455
4.63371527278
6.90382909784
8.4266472384
4.97413072237
-9.04489792808
-6.61151580086
5.67307467039
-4.28750550093
5.19058957754
-4.41564617631
-5.57938199838
3.28556819054
-6.6445831457
-4.53193720818
5.59215711584
-1.95363319667
2.7743465574
-2.76260834487
-2.46043964471
-1.90817232031
2.6827187999
3.27516366539
2.47251803104
2.72335981788
-5.52421853998
-2.88716399704
-2.44201202386
-2.73148132129
3.26162276473
-2.15394507842
-1.12878826983
-1.65210959404
-2.33521127492
-2.65265826163
2.10563833708
2.28342035777
-0.700040912631
-1.62461110541
-2.79911475802
1.30786910522
2.28304441645
-0.910332607422
-2.03555342344
1.22413517566
-1.66007404082
2.06416045431
-1.42341447065
1.12118218239
1.95341382042
-2.07023208999
-1.91137616475
1.65749504463
1.06250615945
-0.794115933752
-2.09530910435
1.0007759209
3.43323045644
3.97189660891
-4.00509870561
7.7179474252
-4.61864229104
3.79111390187
2.54570343426
-2.09218363103
2.88145612574
-1.74673911997
3.11283090635
1.14877156326
-2.20583049779
-4.63764650382
1.24028403711
1.85432950589
-2.25989532024
2.80270915378
-1.81991815742
1.38541574006
-1.45912881879
-2.60022400482
1.77899228454
2.10964750472
1.34774072311
-1.25564049686
1.24862577048
-1.65292469226
1.24252769301
1.19694840909
1.00855021233
-0.977774370704
-2.0679746098
-3.31576287929
1.85376183496
-1.25519018665
0.978009923683
-1.35672657099
-1.08077059915
0.798931497039
-0.809196633679
0.764024805713
1.13536784511
2.14941238811
-0.742798473947
-1.19015312978
0.796304151524
0.710586456451
1.03953948238
0.86463073699
-1.05098899713
-0.763897584036
-1.04892135432
1.04577510206
-1.16487127841
-0.730608523099
0.501823016026
-0.890071026866
0.811576681297
0.682844941247
-0.556653436365
0.660200133577
-0.692869166675
-0.96660284461
0.378571549692
1.42527492672
1.00557714675
2.5493900942
-1.11707333035
-1.02564555896
1.31358874202
0.849272699733
1.12976848551
-0.448394345831
-0.255430348632
-0.760581275763
-0.465419106769
-1.28419644961
1.55233878563
-0.461192389908
-0.570562726688
0.936738364418
0.7716873611
0.552402666166
0.43076025914
-0.69962114967
0.804439947821
-0.546860788438
-0.595625829371
0.596968948924
-0.582719420978
-0.613491167459
-0.513427192129
0.333861411921
-0.394390585204
0.342295191933
-0.460652207096
-0.857993273479
0.625670283073
-0.50256813453
-0.351690874573
-0.317603247705
-0.280658054917
0.352144578458
-0.272997487649
0.261930351043
0.409742540212
0.513417321774
-0.475564197937
-0.292547204937
0.270562677504
-0.322737647081
0.28445317195
-0.232933848075
0.254768603287
0.402337126514
0.331371308817
-0.251350784417
0.220533720739
-0.481099077898
-0.405230213509
0.124282234848
-0.271059461179
0.407997871036
-0.249151849368
-0.235753879436
-0.248376962041
0.224110797299
0.262978914714
-0.142282585346
