-13.6615273366
8.30024673691
7.92011854149
-9.48449926991
14.0575549005
-9.77425729304
6.29918989805
5.67070986382
-4.93198411853
6.10425754041
6.15079079195
4.71765715293
-1.15927213823
-4.43922504529
-9.62577661752
4.94023280339
-5.63491233474
-5.03584227295
3.184284377
-6.9738534928
3.30766594028
-4.51596027632
-3.40275797619
2.67324934367
-2.57279228256
2.64771062552
3.99988630398
3.47826923968
-3.51878725258
1.88664616241
2.81736287308
1.86950163311
1.97789745421
-4.33707132137
-4.92549267467
1.48496201876
-1.28678084444
3.76678043487
-2.1380247731
-1.91489857921
1.50838770779
-3.05227767946
-2.73540950293
3.5361988404
1.69806590719
1.00988730133
-1.92596066905
-3.18545920385
2.53906216347
2.8352263725
1.24248355349
-1.51063980762
-0.895084221225
-1.22513953375
1.14368342156
-0.802782136251
-0.94998110177
1.32746233873
-2.02433028425
-1.75969678785
1.03389151865
-1.94882506291
-1.50299006591
1.17484762993
-1.5043929245
-7.80731073144
4.05119503181
-2.50239087796
5.06639048723
3.89556039725
-5.71003865624
2.72307411059
-1.42277626437
2.60560164001
1.57782533301
3.82421956046
-1.71080605849
-0.5349011934
2.34577402501
-1.79910334413
4.41054020221
-2.46155072596
2.32297479144
-2.12371297428
-2.08556256936
1.76980201903
-1.6644946684
1.23374580317
-1.8168910205
-1.20611806519
-1.53584509772
1.85878495576
-1.18774841916
-1.20096831393
1.28997667597
-0.889780291169
0.899836701971
-1.07032758903
-1.68141924492
1.65642270715
0.986647464908
-1.27932715315
1.33071729285
-1.44655986327
0.465954395244
-0.848599871164
-0.982032056405
0.847251260386
2.1048609153
-0.809907135118
-0.716028786445
-0.803941684859
-0.707784371152
1.76447921752
-0.821068081234
-0.588880244321
1.01258604994
-0.601773337893
-0.891787753931
0.596468253548
0.690271784362
0.513618514369
-0.412845642117
-1.08804784143
0.926719060638
-0.798482424296
-1.00145410232
0.789524669006
-0.68266749192
0.542628427913
2.80113306943
1.18162694103
-0.70655493686
1.09129883994
-2.27581684912
1.82405682453
0.897482504673
-0.581788234728
0.614168415229
-1.28184234256
-0.875894414643
-0.437690391431
0.393441436026
0.854420329131
1.37696259216
-1.23639557126
1.00993299027
1.05254806612
-0.719821175365
1.2705102803
-0.68095001564
0.60985589542
-0.277754882124
-0.597022041198
0.476312560451
0.50300073434
-0.580634674119
-0.718429053406
0.423202230251
-0.44470725539
0.410720960012
-0.402250789539
0.357699576466
0.47066967039
0.724188036483
-0.456391068451
-0.466512120404
0.637818475143
0.478128564629
0.276586041688
0.296786906408
0.35618463853
0.457320829198
-0.644970475781
0.269778081804
0.24432685826
0.249528626901
-0.263019785558
0.413127154543
-0.324610871736
0.266117680301
0.424349590369
-0.350867621001
0.33727760943
0.151176645275
-0.223972095186
0.187023465157
0.106190735814
0.409439828373
-0.43766111138
-0.163351126384
0.348730197529
0.447303289738
0.164698494774
0.200833690157
