-20.1071418242
-18.9445151705
14.7827876943
14.4129632046
18.0765133886
-13.6145669223
-11.770073008
9.33240099048
5.21975000109
7.1633346741
-3.09219550063
7.57191976532
7.68342075624
-7.85254506715
-5.966243373
-1.61570659759
4.80024312359
-6.5589880748
4.73162880651
-4.73978679657
0.650431340128
3.28475769192
-5.22006535573
6.0469033935
3.57304414293
1.6563674891
3.26906240855
4.5060819594
-3.61139738792
2.36006738627
3.14586641005
4.25897531684
2.19371673252
-3.9809601855
-6.42013346525
-1.67726706455
-2.04360668319
4.25986366165
4.58456982374
-2.66662083553
1.56102909424
1.19527129736
-2.2591742392
-3.07110433603
2.10084368568
1.03066196452
1.50452519859
-2.29274043873
-2.66207578255
2.60409487092
-1.54156216848
-1.34148225452
-2.02052860984
2.09646514403
2.05008878642
-2.00261140792
-1.56555112109
1.13633671907
2.05534493602
1.5152198872
2.52439963945
1.07107134943
-1.0471853471
1.33041667449
-2.00230382738
-12.3935874188
3.37985938641
3.61644946695
7.85113921735
-15.2348641917
-7.48048436717
3.5698568647
-1.52247833834
-1.61652971252
-7.53767331358
-1.25332909591
2.71818858485
-1.73725765732
-4.69028771464
2.01715446225
1.08508266769
2.63897448213
3.32143530131
-1.55184940343
2.37089366242
-0.435128972734
1.59979901191
1.63123043328
1.8857170412
1.39582862983
-0.700843716036
1.741126059
-2.94916390945
1.6584725997
-0.998654635711
1.11267071815
-1.43129226956
-1.09947588943
-1.64849102491
1.89370123975
1.03594750405
0.88212210292
1.72874890629
-1.40790015717
-0.810823638025
-0.712659776777
0.779123574171
-1.17185985216
1.70890924068
1.21297213451
0.560049548934
0.671366368557
-0.604463483322
1.66768475362
0.770708169517
-1.30543849763
0.425960584181
-0.804496246363
1.04228824554
-1.25810580575
0.621364206892
1.09602353604
0.480271813007
0.844320280156
-0.90179918601
1.09807416734
-0.729829995487
-0.491555011245
-0.768195468789
0.52815539548
3.88486142843
0.678832677879
-1.05654325907
2.35129157255
-3.76566959589
1.83689526314
0.669079756238
-0.542751226479
0.921790773688
-1.83389398339
0.748458265198
-0.559176683924
-0.413346290457
-1.59123605831
-0.725560662689
0.629238194773
-0.694562054267
1.26414797126
-0.720999710274
0.474339498586
0.388902755497
-0.694360691898
0.43459550389
-0.678513434795
0.414965503104
0.610492443759
-0.67980180068
-1.21217958127
0.452241570368
-0.481446756738
-0.509897345527
-0.45464634536
-0.394307344908
-0.452592454556
0.659964815515
-0.371917724928
-0.397311185189
-0.694762469577
-0.61371845763
0.463561688007
0.254697372817
-0.23673392999
-0.452786822608
0.584535555513
0.395342009749
-0.195354122195
-0.261080094507
-0.147390883954
0.394782237509
-0.289655530439
0.45637679479
-0.197165895862
0.35071511477
-0.426662725706
-0.412028324095
-0.216637155752
0.44719498728
0.166446497183
-0.436529866542
-0.289581439321
-0.365203432802
-0.270214550894
-0.209902638764
-0.222792174376
0.214378613794
