-18.7778031266
-6.43901945014
16.3442242738
13.3335156833
15.7609202954
-12.8192819369
6.1857439692
8.62197031014
7.14300501918
6.77684731738
3.4229099513
7.58869244639
5.0226672004
-6.84475788132
-4.51282120587
4.0557292448
3.98981971566
-4.82602491087
4.39726534596
-4.84668197477
2.82261369351
-4.19119126201
-5.95257559218
5.45361256306
-3.6797195354
1.20889820469
-2.51714915266
3.61802734766
-2.83655279381
3.27991553636
3.1647654837
1.34966059426
2.93173436257
-4.8497233578
-2.41411694236
-1.7206984471
1.37813530768
3.68791422659
-3.36156132299
1.1108538169
-1.57754435437
1.73560526214
-3.01517361224
2.5585648823
1.08916885082
-0.686647076337
1.16025234497
-4.01890728742
-2.87175228817
2.19776974254
-0.709641255085
-1.01142927653
-1.16352675892
-1.52178882546
2.51851984128
-1.17854364359
-1.03769245557
1.65741588855
1.46463399527
-1.62020923519
1.31488170439
-1.29905223233
0.854273009899
-1.52674661464
1.23266955719
3.97717728877
5.34626851166
-3.76183602716
5.45832909088
-4.3052395788
4.38563219878
3.0992594982
-1.81797023035
3.10794043197
-1.36702522063
3.33226311908
1.79438559881
-2.87420472942
-2.75618396336
1.13775035678
1.57905630226
-2.84539864415
2.7313777825
-2.16561556424
1.41678495525
1.03605227213
-2.02036937185
3.02557665199
-1.88071531396
2.18617981457
0.535188933449
1.1460878434
-2.06694013136
-1.2497914986
1.08090656866
-1.25834033802
0.867066142743
-1.68014638007
-2.60752731991
1.05066721661
-0.820413929816
-1.27868652896
1.50052163523
-0.9857221562
0.889744809948
-0.800419369047
0.832611916343
1.51646456323
1.56777765169
0.520298579908
-0.757919394164
-0.889649027146
-0.80313809076
2.29891488385
1.05271705235
0.69385903506
-0.330695425203
-0.775143787051
-0.704630358123
1.05324348163
-0.678396854613
-0.631225849915
0.473705558156
0.584081554407
-1.2255640734
0.817370856837
-0.714329146037
0.646009652745
-1.08655806289
0.546284150479
1.46454317183
1.71849451491
-1.31816726868
2.00574410026
-1.16506645523
1.30377640285
-1.13430284789
-0.746805169725
-1.0535549617
-0.426075081609
1.15739079418
-0.831576765036
0.979250688167
1.25368312743
0.602516906706
-0.672817538875
-0.939266811437
1.0734753629
0.658619573088
0.508097948631
-0.727962841249
-0.73186499256
-1.07459086134
-0.402896517289
0.728262665043
-0.410320230334
0.446118608997
-0.789813259612
-0.427865765286
-0.442911758527
-0.485468075569
0.370329748283
0.665091575464
-0.643210155779
0.289697163812
0.355773809599
-0.49043525618
-0.517638301673
0.371686059157
0.287681904616
-0.269464586158
0.268666433387
0.518757526323
-0.522608492687
0.254426552489
-0.146453337401
-0.240720814605
-0.281877634451
-0.572268112387
0.323840688642
-0.23330196883
0.124967321251
0.267151131088
0.264006557394
-0.420345863627
-0.214202984057
0.271303131236
-0.21736959528
-0.29268310977
0.232485794012
0.282878001366
-0.239099454519
-0.354742126624
0.257262518734
-0.169130745656
