-11.4238869258
-11.5993173488
-9.61859546145
18.5946401559
-12.3782790343
-5.93548058041
6.94325485237
-4.96420639277
6.84001800532
-9.17119998915
5.99925979244
6.1073009145
-7.38281157225
-6.44621205899
-6.72826452114
5.73265087775
4.34194535775
4.06104044753
-5.42001062931
-4.84585489248
2.92040296999
-5.97153207852
5.0160766913
-4.32898482021
-1.92259749461
1.35852537635
3.08974580597
-3.19222498575
-4.41608947277
1.374150346
2.10144663455
2.85320972825
-6.11636649819
-6.81677956666
2.03102316788
-1.44977348879
2.31666825807
-2.72068441304
-3.2014813975
1.42005082884
-2.41399827503
-3.07153036883
2.25297309794
2.96464249382
2.57704296993
-1.57431351694
-2.67565351193
-3.22884571834
2.00378698303
2.56608918986
-1.17397847563
-2.13815807496
-2.07098918721
2.57894626537
1.73855456921
0.52910742263
1.40183929445
1.92190477363
-1.30497664198
-1.88568303053
1.12769310992
0.868726678331
-1.85792939987
-2.12732000737
0.846888697538
2.31205381697
6.28855036298
5.30018134939
6.51499511094
-3.09026038036
2.71211611858
4.76845323236
2.47362150302
2.83863989113
1.4399336853
3.13608640254
1.71748501012
-4.27648073414
2.10494884484
2.32193323788
3.00242643759
-1.83049070705
-1.792571362
-1.58758253263
2.40637297456
0.970201772675
-2.23487905364
1.14526819965
-2.08945364581
1.62238565529
1.00842073361
-1.39856343558
-2.04625711433
1.54270224551
-1.16336213464
-1.07605021461
-1.49820153207
-3.70908614772
1.80405921686
0.842471558209
0.837315560879
1.31412483954
-1.20551860241
0.764532097277
0.55401508444
0.935607205293
1.52185746263
1.15753260199
-0.801867239592
-0.793202920786
0.670837840638
-1.09126994298
1.30356683442
0.666509069042
-0.859658935996
0.82158538714
-1.26927079603
1.05517528582
0.935782202204
-0.706584534745
0.65732901569
0.534796569927
-0.654978935174
-0.798100108522
0.773430942275
-0.419754210167
0.814384704128
-0.953672155427
0.621161245311
-0.402163302529
0.936207979022
1.62942271393
-1.8433380042
1.61404607698
0.799912538557
-0.85298381194
1.38409467661
0.891828315095
-0.94976534788
1.03281377705
-0.784731267658
0.699353629694
1.40793989248
-0.812283673737
0.602513914709
-0.795882480882
0.805603900608
0.542156857376
0.649212078635
0.703883124799
-0.547618436648
0.799138682737
-0.271516497522
-0.476818505049
0.317396167519
0.376442299135
0.667016920995
0.846482329109
0.724349908603
0.381559626928
-0.403501097376
-0.536265052593
1.37828634114
0.746591062608
-0.196706572823
0.281528344971
0.457572705436
0.468692001763
0.300433810067
0.227736542035
0.334790875711
0.539288031605
0.442776480786
0.244695588315
-0.336614249292
0.177024888175
0.332924768867
0.39460058279
-0.203837199522
-0.250347750485
0.272248928533
0.462306814267
-0.466218444259
-0.273522701947
-0.164300510855
-0.195776585081
0.216615858041
-0.32307732168
-0.391940955202
0.248778850721
0.137477375953
0.266175995896
0.230282416865
0.362505422553
0.20071392188
