-12.2553507695
8.72113888713
-9.915474202
9.69999729806
11.142353733
-5.91214876329
7.24496208668
-5.61210953814
4.4170653774
4.60038488143
4.518623518
1.89381454437
3.97932071621
-4.42719403196
-4.0380293689
4.72280324003
-3.68899638737
4.15041381283
-3.94959695414
-4.45760362976
-2.00155883593
-1.75233244927
2.07405760374
-1.98204487962
-1.71890092254
-2.48988597328
-2.58751951544
3.36329295162
-3.94886350207
2.08305969944
2.51475580551
3.78645453067
-5.97834737776
-6.90070950199
1.69306362215
0.88652303719
1.79120024816
1.34790248267
-2.55812686806
-1.03172507988
-0.938040552782
-3.30695588094
2.65977441921
2.63743470942
1.29382293281
-1.20732098417
-2.1515495181
-3.48474073219
2.14890496208
2.27276507849
-1.94336851797
-1.52674037847
-1.04814692581
-1.35558021936
1.7483558096
-0.390062884837
1.42263377039
-1.44491705612
-2.42917138068
2.21916043905
1.15209585287
-1.08173744601
-0.855343127913
0.965496693165
-0.85770034587
4.47242118359
-3.40187811971
-4.37556328925
5.03230179171
-3.13841893329
2.89768398705
-2.34716303143
-2.67999988999
2.62139843726
-2.08662992999
2.55333971359
0.515161734807
2.13927697246
2.3355718998
-0.763864043741
2.87745982819
2.39398203915
-1.94579769003
-1.48900924767
0.991738702047
-1.02814394697
1.18479004702
1.14772115687
1.0770435938
-0.882731954267
-1.23668287763
-2.43694934042
-1.41630713442
-1.78470351409
1.73783532498
1.48207251069
-1.18106889085
-3.69822259162
2.2739794549
-1.11863722476
0.611806931632
1.08662021193
-1.00783008848
1.04334084318
0.441577489047
-0.822725217027
1.09926340487
1.84081907387
-1.00524404029
0.484437752679
-1.15628036365
-0.997896748141
-1.55274856556
1.72713822813
0.509595226379
-1.14477464049
0.755710514259
-0.697837907757
-0.652676140019
1.13106422048
0.691851186214
0.576117160065
-0.587702250894
1.00637992918
-0.776597957133
0.673451443201
-0.581003276247
0.471446747633
0.537783968802
-0.685391031907
-1.27108846778
-1.28503108803
1.39588373366
1.0980091243
-1.00366295368
0.643236824804
-0.912694524546
0.670706484527
0.751117309959
-0.387909286123
-0.699740401762
0.5494033969
-0.967017893969
-1.02300493795
0.593862801136
-0.791573767161
0.912569586683
-0.664030451004
0.547322260347
0.53681937527
-0.445063004034
-0.503388649886
-0.264733238936
0.482578938969
-0.489943887018
0.650487684624
0.825748820645
-0.472654420296
0.476510446251
-0.448504536213
0.423243207539
-0.472095184614
-0.798412145362
1.39051706069
-0.23464429389
-0.299468628403
0.440341091061
-0.354069377304
0.512792732917
0.21707667889
-0.197736393431
0.480497155474
-0.71151577854
-0.389646775433
-0.237721387368
0.392961711983
0.39655563349
0.709165961672
0.497114890894
-0.417039214926
0.475121288688
0.255868865291
-0.228808510796
0.277246285843
-0.345263845971
0.208330499417
-0.245419996833
-0.203072818006
0.329924210693
0.341515858816
-0.316152389563
0.197202335224
-0.213623020568
0.140326333933
0.295014377657
