-14.7716061663
7.91853718769
-8.21885609555
-9.48990744775
8.66433588201
-9.50788048203
5.08017903287
-5.75994985832
-6.49153341745
4.2048865422
4.9562677514
3.97526450011
-2.88039618509
-6.15848810521
-3.67912342502
5.40620252888
-4.27007937077
4.81663199874
4.29089626592
-5.80175467043
3.71702966606
-4.63489784755
4.52445255697
6.19636204625
-4.10832278861
-2.4280113718
3.1310625269
-1.97900009185
-2.41993984144
3.55941396944
4.01435475914
2.922704943
2.746989199
-3.62312332147
2.09256972845
-1.65109787553
-1.53778913237
3.56914736951
-2.61133760452
-0.778339577571
-1.65795647758
-2.57475025243
-0.876801287945
2.9720454347
-0.864761577244
1.85476947367
-2.29181525863
-4.24792833387
2.13524528172
2.533265299
0.951668539836
-1.53852848058
-0.992963594156
-2.55750090444
2.07361816307
-1.17438469322
-0.967731001113
2.17346303925
-2.42692379327
1.93810653362
-1.39165076267
0.514854823395
-1.41738159282
-1.45397060739
2.43670589894
3.63759553609
2.81675557771
-3.37011944028
4.63208250143
-3.20752634991
3.10874664352
1.4343289878
-1.86905355915
3.28087159783
-1.94133060484
3.25670321036
-0.974448455846
-1.72205330257
3.28789784606
-1.20383634366
3.69791761288
-2.14375482201
2.14362454021
-2.22723981527
0.971974306716
1.6588288983
1.4087186326
1.6723774179
-2.31006153309
0.889127555178
-0.511542646053
1.35266246465
-1.30290251059
-2.12986582861
1.99004475887
-2.03278140225
1.31167732915
-1.50527926481
-1.77907590137
1.10996792796
0.451121670762
0.592090621809
1.09472902558
-0.952822942035
-0.403585291462
0.972641529553
1.15764669567
1.2918213879
1.62093444784
-0.614751302257
0.92601479182
-0.613007834477
1.01691430759
1.0319565728
0.643841561831
-0.688320586184
0.764158888037
0.626761787501
-0.978817801273
0.718019565768
0.33920127823
0.540950191392
-1.01212143532
1.51342770426
-0.529015659095
-0.859253140328
-0.560531019314
-0.672924757545
-0.716459055023
1.03082575209
1.41934872478
0.875581892002
1.34374042007
1.40689211803
-0.910318638107
0.891374422947
0.553982383434
0.758881913962
1.02672489141
-0.4205112744
-0.918483287889
-0.408625501258
-0.650117520373
1.01031087416
0.690201113962
-1.17196696662
0.728532707683
-0.608389795885
0.76115978126
0.831527929017
-0.723054966405
0.598074868321
-0.295519272827
-0.67719459532
0.480751289348
0.37861581854
-0.620340891189
0.547111727641
-0.71384657645
-0.494305158274
-0.306638581619
-0.63458992859
-0.72402952681
0.749248802634
-0.495939307217
-0.193033571882
0.243019917283
-0.254159564557
0.376726820906
-0.20795499154
0.35859548456
0.534361062892
0.492855094777
-0.679350092996
0.18581281002
0.324981776182
-0.195044855769
0.412980478719
-0.414244654457
0.218205928446
-0.184909198935
0.191968222461
-0.300291417199
0.279424648688
-0.301783593707
0.144780710409
0.179139475518
-0.411804781902
-0.272393224739
-0.302578559638
0.411305257798
-0.15873115889
0.167666332309
0.228757908047
-0.297060554767
