-12.3686126801
14.1931157504
-7.78186262056
13.5935594933
-10.5902858594
-9.28913579791
7.91241046206
4.95307889037
7.89787570786
-8.39134041498
5.84622200134
5.45246762322
-4.98729133184
-3.34388304664
-1.97329710325
5.12797567161
-3.64339422961
3.82507227092
-6.61787858933
-2.24526626061
2.3666779269
-4.78849015107
4.42185493274
-4.68068054175
1.63168483189
2.57238192091
-3.0139568364
-2.29764064044
1.99794128522
1.21482900672
3.01796187406
2.54476541852
-6.29602667902
-3.61243876409
2.48972352726
-1.69820443209
3.93005166151
-2.86273022664
-2.06993244323
-0.985178260257
-1.55123058116
-2.8896365539
2.2708604955
1.11184914622
1.23648467676
0.692701192528
-3.62278166273
-2.75500523683
2.41355266933
1.62008410475
-1.29307795087
-1.22814160965
-1.76386004472
1.78453775689
1.19168504024
-1.71681264408
-1.22761695966
-1.7867172181
1.5614404975
1.12246694553
1.54944259852
-1.11462721752
-0.708836334051
-2.39414179455
1.85903663854
-1.92168581171
6.24425267349
4.2310157235
-4.63203525854
-2.28914998232
2.65914738846
4.7758917056
3.44011842068
-1.91328420865
-1.79677040886
2.28667878004
-2.6847789326
2.96067420351
-1.11009234041
-0.896294925297
1.66287446431
2.43204602698
-1.36687535882
-1.24869244432
1.57502237192
1.0841455407
-2.85758093944
-4.0022555728
-2.26918099671
-1.02728010111
-1.24473331821
-1.77978954838
1.45210787638
0.858101003801
0.812042394179
-1.63095243509
-1.45984974184
-3.75817051601
1.12229993598
-1.31613067601
-0.90589047021
1.92812525652
-1.31095372186
-1.07219135962
-0.57886620923
-1.02091503963
-0.867136874624
0.950106159657
0.619744985982
-1.26026190209
0.492514541822
-0.731544093584
1.5079822397
-1.01505736045
-0.626783336799
-0.725424987869
-0.708429951764
-1.17879941313
0.563934548175
-0.648900720392
0.664891165022
0.958661859076
1.03743437399
-0.690175638913
-0.804736943029
-0.893581800456
-0.68683264647
-0.952989624444
-1.11100370941
-1.0867704448
1.853907795
1.35009240204
1.6410571704
-1.26958344139
0.359296732282
1.49951863547
-1.08866032095
0.582745499923
-0.75854396493
0.564974767958
-0.983699544891
-0.674477614273
-0.721622440618
-0.822833312715
0.705449613086
-0.595748132403
0.87097213833
-0.376446122134
0.569024739583
0.434620118291
-0.785978199803
0.660727343683
-0.957727576572
0.90284063909
-0.393718343117
0.471948544955
-0.582440955055
-0.444904315039
0.37555240647
0.198688345253
0.581289887606
0.554998793888
-1.11470148886
0.44953248964
0.43977144264
0.382158153291
-0.821148366125
0.58307985467
-0.499567773276
0.333804471227
0.439997030728
0.264404277854
0.167865354367
-0.274543030958
-0.331095004745
-0.181692893541
0.276012850842
-0.429871392379
0.331258831879
-0.138792836018
-0.241929309967
-0.428789805258
0.336276575678
-0.169518887433
0.190136132196
0.203049537827
-0.301788706346
0.369331356229
-0.145122803586
0.213164182611
0.41001503212
0.340950852245
-0.302874008947
0.307345916318
-0.540312499793
