-5.21913734459
-4.03576395798
3.65210176081
-10.1819609954
10.1006485086
-1.77721333019
3.09967536987
3.50623847629
-6.9799066938
-3.94440815533
4.27596905658
3.98356577848
2.96590728444
-5.48758770145
-5.92339595246
3.3890284414
1.65639676347
-2.51385927283
2.22798007574
-2.43235572301
-1.236795377
-2.57350236144
-2.42274087735
2.80052817498
3.86776787926
-2.15972247048
-2.30308478325
1.95528804302
3.25400834362
-1.62918655302
-1.66691478531
1.31062642705
2.80203632759
5.05966035234
-4.78798242411
-1.49063279732
-0.802574935541
2.54767451188
2.46983692938
-2.88991262343
0.792479487156
-1.6580368998
-2.3402396493
-2.14863961332
2.29939904936
2.46163990604
-1.70866292036
-1.81545571664
-2.41012718973
2.3143128777
1.67295263942
-1.27828951268
1.69275159447
-2.19473851309
-1.38958973862
-1.40697300944
0.946610783379
1.00026760286
-1.24407903101
0.967977569701
0.606294378747
0.636886005066
0.623404426234
1.56317885943
-2.22298416288
-6.15177736673
1.62739457107
-2.08092382999
2.69541511642
6.80656729652
-1.37711786192
0.601442835533
-1.08672114059
1.85600346571
3.34787537994
5.49542710348
-0.650078835887
-0.734573217031
-1.64261835691
1.87884379316
3.12707473949
-0.990828715728
1.04671575596
-1.40892478947
-0.778856836132
-0.996939977101
-0.28112671332
1.00520488296
0.495565288243
-1.80814318441
-0.554442380765
1.08601035845
-1.14938420114
-1.79405659091
0.749714303476
1.13805263893
0.760443287117
-0.891551459831
-2.87841940303
-1.81561963792
-0.822790740295
0.627941237043
0.640580980597
-1.90828280833
0.53248897106
-0.502637051215
-0.838720641664
0.56842414977
0.940444677435
1.06876556094
-0.60527098584
-0.638397210385
0.575447946881
-0.901361438075
0.563616870727
-0.764753172421
0.47044535924
0.754821429641
-0.942944473309
0.699103780054
0.689490330553
0.518108900741
-0.572810999314
0.692883310331
0.467817486097
0.316195036719
-0.510270279217
0.383129161935
-0.901287602891
-0.798815159208
1.94562112207
0.481884345037
-0.533813529372
1.12418363521
-1.68756702579
0.672907273116
0.237315698428
-0.271156732789
0.664574077935
-0.84947488883
-1.28521024104
-0.216722415971
-0.249828705795
-0.445111964447
-0.727860183326
-0.853213916786
0.301297772539
0.322031542624
0.364184702542
-0.134243196485
0.242330179781
0.110824820624
0.205445801425
-0.291411493295
0.564959486081
-0.166492793988
0.273370030357
0.492601413216
-0.691415083875
0.415590708317
-0.60083540267
0.180872977528
-0.208930680098
-0.793596487015
0.938874725272
0.266805466138
-0.163040584732
-0.259824376625
-0.571921913949
0.585672234272
0.254049449567
-0.202133038344
0.27329592337
-0.281962015216
-0.210700745564
-0.22373532986
-0.150763001305
-0.168110691003
0.248996901814
-0.239450459816
-0.166403458786
0.293719755204
-0.23670730829
-0.28913216067
0.207576202186
0.231934352196
0.156269266696
-0.147026341663
0.316423577411
-0.233099008075
-0.268508930238
0.1795113242
-0.158713860749
-0.242600654404
0.422326000605
