-19.4891090756
-11.9411476137
6.00140692526
16.0454008201
-15.696075905
-11.4718801266
5.63196432593
-4.27712868245
7.76428021048
-7.23535423194
4.8877019442
5.620679862
-5.4337691636
-4.98675224211
-3.43048707839
3.40381643093
3.54069659925
3.44768265146
-5.65646048797
-2.64438557367
2.00425213698
2.43935336649
2.33542134614
-3.11990982062
-1.66058280599
2.37318522299
-1.77318338622
1.87735051903
-2.14717107836
2.51527270263
2.87965403037
-1.8580437665
-6.33292082094
-2.79071419786
1.78358153552
-1.41855228615
2.31381577435
-3.04790556122
-1.87838654954
2.22466950995
-1.71356611128
-1.55603939306
2.33581408141
1.0283342141
2.18639829397
-1.3659376349
-2.95366081153
-2.17908516794
1.3977594032
2.84895558004
-0.721707179985
-0.727156596855
-2.28310835405
-1.26696687197
2.1878514023
0.935818170307
1.32585100047
-2.06391649493
0.910870250441
1.33351351331
1.209709862
-1.82092491884
-1.37603079109
0.863906278627
-1.28153585813
10.3040779941
5.63303841163
4.606428007
4.09675346735
-2.23686505683
3.71383859556
3.04223478547
3.88376429358
-2.38915361767
-1.09638776581
2.81610430147
1.59239868014
2.16424782425
2.74083149988
1.00828206825
1.61999574393
-0.943389167202
-1.59698839983
1.76410760175
0.680036477336
-0.685408979028
-1.36239438383
-0.910867844431
-1.82888807849
-0.839550677685
-1.03223923908
-1.3623594761
1.04180018001
-1.0456256365
-1.47009528322
-1.06891387641
-1.23374142436
-2.95383088604
1.33724963048
0.657716373264
0.600197866526
1.19037497292
-0.895026239336
0.615967040583
0.614234184983
-0.618944485123
0.413644917159
1.44643942914
-0.74371117293
-0.823031606264
0.483128107317
-1.23149545438
1.20387164504
0.448809301213
0.755544013115
0.287819931606
0.479794063551
-1.04917851938
1.04584687357
0.838785955997
-0.736522016877
0.51796186892
0.822845571414
1.05377351222
1.03190037346
0.447197474169
-0.754803697296
0.654817587407
-0.337867679059
-0.702524473645
-3.14906481745
1.84956469945
1.04563453604
-0.817294018332
0.561380392461
0.991264010332
-0.634241237305
1.08331044395
-0.643765694064
-0.403001594706
0.848000025698
-0.724220986649
1.04982125408
-0.945245596932
-0.324919937196
0.44529573666
0.444705988694
0.532453140564
0.574119899491
0.232576934785
-0.469283069153
-0.457062048215
-0.58878706087
-0.564481335231
0.329462381913
-0.455396915785
0.435090421226
-0.32505702098
-0.593047560943
-0.438899449464
-0.338150943349
0.411351442443
-0.706499247246
0.357338511558
0.20646574563
0.224773866862
-0.362455778756
0.325876202317
0.310260974094
-0.223651617036
-0.256082627842
-0.198938208594
-0.547537650517
0.221478885026
-0.19976840666
0.26191861554
0.216122353896
0.336208387656
0.174651295632
-0.319708486699
0.231561470187
0.130353972754
0.344936183241
-0.200276812728
0.235029729699
0.203055950242
-0.186812454934
0.30519035293
-0.320705693569
-0.277024803627
-0.187755583942
-0.263102515011
0.17785949756
-0.160659036125
0.263687528333
