-14.8193034238
-9.39122647809
4.85848218789
-9.84529853135
11.8796391341
-12.7841254985
-7.08165879707
4.8487621837
-5.65169136824
5.88486986995
5.17270237531
4.64610922451
4.07716885326
-10.8993417463
-7.97882262512
4.40141475025
4.72993688064
2.87381921384
4.26213063257
-6.68303400697
3.15243734138
-4.34937804074
-4.6336380744
3.63802642368
3.324783802
2.64757579617
-1.77567647805
-2.38529447506
-3.44613555826
-2.19061050544
2.33000344487
1.94961923908
2.72390439405
-6.4145121293
-5.10371737154
1.56689665452
0.964449657925
2.17865295155
-3.26846405069
-2.94136481759
-1.74552250218
1.2868051579
-2.49337330888
3.32256546649
2.01121931411
1.12988825473
1.40946949839
-1.7589737639
2.11930731022
2.08181072977
1.44774327461
-1.12272849045
0.93527591493
-1.72568716195
1.40991533322
-1.98000700451
-0.98591045061
1.88583079267
-1.61506496385
-2.10062014853
1.63590961929
1.95308852528
-0.668623587797
-1.37994734622
-1.51447319732
-7.80870824318
3.22713332301
-2.61438419285
7.75291718532
3.09174597516
-7.47446760698
3.4061663919
-1.34908574061
2.76033116715
2.09758345064
3.41566542998
1.04938557527
-0.839945876875
-5.42919449528
3.19737581867
4.10896778252
-2.25115462961
1.37111599846
-3.08351411767
1.40822120728
1.73296948352
-1.93499914845
1.01705269062
1.05135251522
-1.65623836391
-0.823099493121
0.824396100345
1.23776264747
-1.28996327675
0.676592184493
-0.882687962485
0.864272772908
-0.75776546299
-3.45845521718
1.4322679898
1.13038974367
-0.997250513614
0.47918774924
-0.942371198853
0.979539138383
0.905779295526
-0.703348754742
-0.649978007822
2.14179000687
-0.615935085263
0.743556489458
-0.590610825435
0.266380201638
1.7896758196
-0.71034286559
0.720324673113
-0.594965524995
-0.527614335803
-0.821427398265
0.661254453249
-1.2457929542
0.56247550912
-0.566891489609
-0.921032280311
-0.801782428533
-0.461202217583
1.03510212063
-0.413307361378
-0.791706652034
0.781885369926
2.93533922591
1.24381418978
-0.563355687081
-2.48044891292
1.36016522054
2.60791182371
1.34835291495
-0.296832635492
0.804563185503
-0.365157723543
1.14110176611
0.414781943838
0.26967953733
2.06902924236
-1.1141043693
-1.08512553265
-0.688224868228
0.662993382389
1.10066732729
-0.695382732929
-0.688305888849
-0.628375578908
0.372057694319
-0.303092549065
0.433376351142
0.190966563481
0.397055977462
-0.407719695146
0.433687051319
0.133732715647
-0.547303854687
0.22197125493
-0.405509558975
0.968714418065
0.448179854381
0.303886325535
0.247146006719
-0.135737182349
0.203256877215
0.370975927409
-0.24783287964
-0.264715098356
0.284945763229
-0.739522716263
0.364962699266
0.19655788522
-0.244622859911
-0.189618311545
-0.490380653675
-0.347659736955
0.2276281753
0.207983712839
-0.212333994004
0.304000743965
-0.309554689215
0.338237540451
-0.210306062896
-0.207416112895
-0.337857480969
0.376350395454
0.207862597743
-0.439763474698
0.140845750323
-0.246287402077
-0.166698710673
