-16.9646133498
11.4924309525
15.5421137015
16.819112677
-11.6496503617
-10.424037353
6.8616905077
7.59641414051
7.82330046718
-8.27532462594
5.08959856802
5.57325438926
-5.70556490945
-3.36347607212
-4.24137587458
3.98731405834
2.74636074173
-3.69518349786
-5.5366749217
1.50954706095
1.93457939614
-3.73720402314
5.02469056961
-3.43079817589
5.16400987551
2.85425636468
-2.18873097592
-2.84306837414
2.15549519695
1.63168737772
3.28169934506
1.39659012813
-5.09850473398
2.57823770265
1.69983313358
1.9660956464
-0.987292289208
-1.82803607889
1.80008234628
1.55424777564
-0.915114010204
-2.51758359806
-2.75992843675
1.32342917474
1.71618905184
1.19530177014
-1.64800492246
-2.38536332463
1.72137825671
-1.05376460813
1.35080536994
-0.982262969908
-1.12500548501
1.14062242417
-2.09668428007
1.0508253749
1.03416149911
1.4598475863
-2.04685821562
-0.841771547837
1.09270992
-0.720413909543
-2.01273978647
-1.32564342875
1.38238710227
4.989866102
-3.91691914942
6.61389271824
-3.90007228828
-5.15225102647
2.24841338445
1.48054794647
4.57899775588
-2.12239610523
-1.73473598169
1.85395498486
-1.37288671801
-3.04820805019
-1.20201195379
-1.00892799192
1.14889998405
1.30576252323
-1.18510898331
1.70748137908
1.37317400626
-1.26362284945
0.924449852023
-2.43840468873
1.20854704554
1.13251524355
-1.06066060674
0.78268105664
1.7461682254
1.08287289646
0.714306652174
1.10160049161
0.630099806422
-1.82241001258
1.75384222989
-0.695134627225
0.866969838654
-0.45854146635
0.813929091989
-1.01382883371
-0.501450153837
0.662606315737
-0.559458057873
1.41602600065
-0.364025428966
0.777326525406
-0.592495453788
-0.49987328241
0.855527655189
-0.871682552215
-0.342057564751
0.468736618922
-0.580550400225
0.728205077932
-0.942571521715
-0.431442216959
-0.514920276944
0.473422514923
1.13866288603
-1.09695953611
0.39376652513
-0.57081499424
-0.319196603292
-1.08733044762
-1.07398323193
0.548706924104
2.52517031626
-1.34889692068
-1.88190289933
1.85817700664
-2.17122169119
1.04006487944
-0.64066361457
1.10104000964
0.795250415213
0.440943342936
-0.681042493935
0.49053639118
0.923603872272
-0.274929690514
0.384179562516
0.426933336846
0.409852364231
-0.40218858199
0.588612836944
-0.451481806763
0.718884496956
0.367564977239
0.604187568109
0.408738404623
-0.557737621563
0.358826641516
-0.384388419846
-0.456281380531
0.409243545306
-0.299883987852
-0.456785834236
-0.268171767246
0.607812899927
0.455078498596
-0.444457051472
-0.29238733312
-0.189727271606
0.1749294166
0.377933943969
-0.248746727566
0.320606142809
0.209401051167
0.386698304755
0.1763398369
-0.263155557057
0.291979150492
-0.170851264491
0.254081746797
-0.320937425344
0.146747780894
-0.286385277949
0.219514295133
-0.185012634125
0.300844572823
0.238218678163
-0.238418732957
-0.125308014306
-0.273554132433
0.3528133588
-0.194513836065
0.164136872438
-0.145853111447
0.388950099672
-0.294650891378
0.196159692068
