-8.27135888233
10.0242673713
-10.6678026726
9.8224224946
10.2980495434
-6.8202959826
5.88440661505
5.64060123408
6.78583326886
5.68232416516
5.15852749784
4.71359702163
3.74894970492
-6.57249140751
-2.40116023602
2.78197102956
3.0602092607
3.20205633102
-3.93641886523
-3.4539000019
1.93641332146
-2.70470176305
2.93975653927
3.09895185051
-3.15426104807
3.32820825705
-2.24092450602
-1.64988344209
-2.95494319832
2.33351432655
2.66712807993
2.16258654391
-1.23689561017
-5.35003216343
2.56354259099
1.45698720854
-1.67723070864
1.57486195281
-1.58546999742
1.42944351514
-1.38560667953
-2.37251301706
-1.52740901869
3.73125974679
1.21458935128
-0.873233609575
0.929851214196
-2.16419116159
2.5235213487
2.12594277378
-0.579619989903
0.982788134202
-0.765948695518
-1.22711050852
1.44860259292
-0.913298825796
1.46905300841
1.42594978679
-0.839083815601
-1.92249680293
1.02291426149
-0.854732213079
0.701589512096
1.16948988885
-0.746065413383
-4.95350102284
4.93005736932
-3.76984058362
7.31027232505
-5.19763555399
1.31851781368
1.6300385088
-1.59383553353
4.14529057606
-2.83791998955
2.82596726449
1.59664783684
1.4105640274
-3.67330162364
-1.47293868654
0.84864558246
-1.03640433476
0.745234461941
-1.34040801095
1.22584412997
0.794450490595
-1.47630711751
0.94038445485
-1.55435907548
1.09178619727
-0.856050879296
-1.28759176757
-0.925612555494
-1.85498657933
0.883875742477
0.94749117348
-0.796646142609
-0.788433816898
-2.46224533907
1.39939255227
-0.662536729273
-0.506023853252
0.636633523799
-0.792556257223
0.781087574005
-0.550973492194
-0.577460236044
0.895930755765
2.22386280831
-0.576496634046
0.346325884808
0.762108314569
-0.499279950029
1.1459032054
-0.597606511461
-0.41575213873
0.53909130734
-0.516047498137
-0.575890908705
-0.630178012776
0.476078016235
0.50070609416
-0.420379789924
-0.498436729562
0.922681435872
-0.435528871508
0.358629220841
0.374895858833
-0.561121601747
0.488577566404
-1.82137652975
1.14599313147
2.05060435077
-2.12915647787
1.49365946466
-0.437661120414
-0.589118307218
-0.751754629449
1.36937821745
0.73857718362
-0.765004646731
-0.370712529342
-1.27096641276
1.24452242371
-0.353582850433
-0.269067842899
0.358552455058
-0.417830009364
0.409680826424
-0.284527144801
0.242435753458
0.39858865363
-0.241919290771
0.424283204055
0.473371814983
-0.250953962853
0.349660064031
-0.480985830844
0.71851484886
0.226803025702
-0.394431903419
-0.260071589205
-0.630883183212
1.05035502616
-0.320626396244
0.184911366663
0.257002210486
-0.280189604988
-0.260046647185
-0.207356096909
-0.258009891
0.350679589128
0.640746517357
-0.860292621043
0.165865923177
0.10394560744
-0.283478819272
0.340303035682
-0.40672332492
0.202751232199
-0.0763379351343
-0.246315752259
-0.192404280901
0.175954451414
-0.222766693382
0.201514845538
-0.208039139193
-0.178557337291
0.173209098027
0.311820746258
-0.183966574724
0.118101498109
-0.138340070368
-0.225964222046
0.162413226271
