-10.5044997086
14.5352635433
10.5056603376
14.2301754026
-11.6177476399
-5.9365672297
8.29948076778
7.22454451425
7.58487115902
-8.88319472259
6.72014518966
6.33619421352
-9.78793412417
-4.61475976784
-3.49961471696
6.04395482351
-4.31578369279
3.80733429396
-6.26394826546
3.0319343842
3.34868705592
-5.74698982446
5.59193120593
-4.43197899201
4.94386150111
-2.64330484372
-4.00730240909
-2.9637844279
2.08954595764
2.4547098844
-2.00634347935
-1.98556195226
-7.69614513778
4.43990461649
3.95879085066
-2.04280347203
3.8562230983
-4.31570801558
-1.49847809103
2.327117242
-1.65589106009
-3.03661188313
-3.05652083753
1.76849276259
2.28630755426
-1.66639897329
-3.92602453048
-3.09141265986
2.52424940039
1.27546066856
1.16227646827
2.95344401343
-1.65523361255
2.02578544404
-1.25555143876
-0.921809773798
1.52341502474
-1.88324585308
1.42461683001
-1.43050725488
1.64245022676
-2.13630529466
-1.57246200977
1.44411446948
2.34514081428
4.13514996353
3.33383677557
5.75973346176
-3.28341342015
-1.72580170812
2.92135700366
-1.69559999119
3.06618770337
-1.95921614365
-1.47299022413
3.97044069567
-1.61505530072
-4.21755689496
-1.05443916382
1.04869767747
1.93943513073
2.553601714
-1.87941857225
-1.22910268974
1.21294000145
-1.76315018345
1.09523111283
-1.85283845318
-1.18544802078
0.988156545577
-1.6325886092
-1.2165236715
-1.61911350786
0.876994817118
0.815555579769
-1.19767211895
1.14673130486
-3.81514532991
1.39335015172
-1.23538780932
-1.29601011914
1.63468800529
-1.8474977348
0.877550762915
-0.718140441322
-1.41825942366
-1.02069368122
1.57195237004
0.869279387162
0.690026800017
0.720745075004
-1.22839543033
1.59717670849
0.74693279496
0.628645556495
-0.743797139799
-0.800870104611
-0.873232376678
0.677037651804
-0.7129043801
0.702525556673
-0.702692684826
1.06585610481
0.789647988776
-1.07203773573
-0.636858772445
-0.620860109695
0.562439118281
0.688215289753
-0.762260508226
1.0724203755
-1.1271413179
-2.2674364358
-0.85721206507
0.640562963928
-0.926601005294
-0.490622718616
0.762019533446
-0.282431834979
0.906060237837
-1.20661322118
0.527555577159
1.60585916399
0.305814800507
0.991882968833
-0.548959837198
0.951837275459
0.447458949743
0.431884473934
0.628222964388
-0.465707729997
0.364441209669
-0.891578074156
0.377094380353
-0.493529003947
0.368556393657
-0.606965470836
-0.606092105091
-0.2895949005
-0.300610426662
-0.358473369958
-0.494040434506
-1.20498418186
-0.415156297149
0.346923514386
0.220131025113
0.507503265614
0.534435945393
-0.238864997935
-0.426909955102
0.533878217216
0.315615296869
0.375406821673
0.406684792966
-0.297043698081
0.329634284522
0.434197687735
-0.450802814796
0.322457881088
0.263744854219
0.337150268508
-0.414980617581
0.28220133145
-0.243803803526
0.287105979717
0.27577783303
-0.178086410054
0.350104193133
-0.285819326077
0.376591031154
-0.268329917972
-0.267421173122
0.244942817564
0.164769600851
0.279342244289
