-10.3826893836
10.8959261241
-8.65632213421
-11.1444089882
12.9584815295
-5.81102324828
2.74279426113
2.94155502735
-4.6545164885
5.31599519242
4.25418402739
3.55056401712
2.52212394239
-3.29593299086
-3.85829132179
2.32976372448
2.12839568241
4.25889617634
3.04402708636
-6.55163172658
2.07972709267
-1.72480116782
2.24848020748
4.72986129939
-3.21136819212
2.20603074201
-1.7670377253
-3.56251879706
2.37788005619
3.91485589985
2.48198091012
1.00249130383
1.08611159782
-3.00446876831
-2.26912526224
1.05713463786
-0.737403219947
3.64335352329
-1.40277852007
-1.14788284514
0.736070236883
-1.2063437488
-2.23682050601
2.56132241415
0.906246297104
1.00997013832
-0.97912113442
-1.97413627561
2.7196298407
1.41625439425
-0.725341261339
-1.25428425131
1.6475165789
-1.17351711447
1.61935516967
0.361615174844
1.01031098167
1.11191185699
-1.46714402314
1.0593200151
0.941309192367
-0.449029960766
-1.50524916969
0.546470103321
0.74551744645
-3.22410805233
4.4584224937
-4.33409021139
6.90704326783
-2.97700176808
2.18209710698
1.35308026034
-1.69592179062
4.38662060904
-2.34021577123
2.54891873557
-0.896569438842
0.99959561696
1.97578465347
-1.00823107602
2.319457811
0.756800768555
1.53114817309
-1.47441031686
1.78882854389
1.96886351268
-0.656939906991
0.617012847552
-2.85319962512
0.635596450842
-1.19897734363
-0.992295810155
-1.18075874221
-1.60526765373
1.69513654948
-0.94850496352
0.730141536618
-1.03038456569
-1.485898274
1.09473072542
-0.592677794682
0.760908702281
1.39518200786
-0.332114678466
0.637467109005
-0.424745401542
-0.603410936825
-0.600946375406
1.35416869483
-0.764979277023
-0.654472873747
0.360569216843
0.560681963136
1.43086872362
-0.693852373277
-0.463705789113
0.647969749713
0.613024029982
0.695129740955
0.807717711853
-0.278993872819
0.319246511867
-0.381919608455
-0.641985919001
-0.715821003798
-0.487347902604
-0.495161852852
-0.559957038978
-0.521298318723
0.301113809805
1.73379856025
1.88326631267
1.01674399985
-2.17572024404
-1.27702778611
0.986079541289
0.341518831332
-0.585008521738
1.05746816156
-0.94727697358
-1.01152247426
-0.283614374421
-0.353543602272
0.809337710591
-0.711351437649
-0.673699021547
0.524869733112
-0.337450248226
-0.400476010751
0.817348030798
-0.852728880924
-0.228266275064
0.19540984997
-0.925787549488
0.429264055654
-0.617478646436
-0.420950525331
0.42855593362
0.825101050802
-0.487032204578
0.380750112256
-0.440131525577
-0.273300028711
0.434477984792
-0.516206891961
0.250592170165
0.340223586594
-0.425059948379
0.197687694742
0.241112875142
0.137629848722
-0.0975454878254
0.263039373459
-0.472866135895
0.213216351378
-0.254565607906
-0.115894582113
-0.204387299233
0.470414551076
0.267134987483
-0.177754641927
0.146814541955
-0.233795228469
0.251747259808
0.214291505168
0.126199465099
0.106650377485
-0.169007537011
-0.194371155145
-0.290987726454
-0.223566351513
-0.179908002143
0.213778318852
-0.13243759292
-0.149405563436
