-28.3431620736
-8.90009158977
-8.76216761886
8.40979318191
5.70411198546
-10.8522267283
6.82962358667
6.38403111492
5.31943126028
-15.1449040614
-3.31077716229
2.61109978304
5.2947748376
-2.5504641766
-3.2954144242
-2.87842731649
-4.17884254126
1.99335605113
-1.87278013567
6.3831953257
2.72338456489
-2.76600080808
1.97909383084
2.2514701554
-4.08181654915
-3.31494222058
6.11391384395
1.51284333333
3.58305157459
3.92440920594
-2.22800848022
1.742492422
1.5038228936
-2.0683641757
-3.40039039111
-0.98703744854
1.82449024134
1.65707307721
-1.09498914584
-1.53679826591
1.50964651832
-1.33132714706
1.14389928277
2.15327971975
2.13257837574
1.3903154285
1.38816316481
0.828829530979
-1.15344983308
-2.00240823279
-0.790141104943
1.91389273181
-0.962758923333
-1.09829151649
1.57047184484
1.53699690901
-1.30736757284
0.875329666382
0.924208037039
-1.82994680253
0.579206421439
-1.21246245091
0.687827769061
-0.849668000044
1.23730403737
11.495252322
-4.45883378224
3.81432860893
-5.00315148493
-13.1182392653
5.63774443508
-4.05422834239
-1.08388375459
-5.59155970252
-3.89515716962
2.20407472277
1.02862827064
-1.79655248047
-0.941323008641
-1.61054019155
-2.25616048512
1.42228209409
1.00896999829
1.5581368863
-3.30565659202
1.6360825677
1.77172003169
-1.10972378979
-1.96256383935
1.73876179331
1.05328498735
2.68290721808
-1.31547324287
1.65068853596
-1.87677790583
1.37405166442
-1.6418747824
0.605517293089
-1.0850237576
-1.21869094032
0.582556044132
1.00529601397
0.539311393305
-0.631695504836
-0.566437683191
1.09176339408
0.793193834822
0.688619216593
1.47441476123
-1.15507871243
1.25502822604
-1.14880755992
0.423026325743
-0.665538579711
1.5945916427
0.422993178838
0.733232194264
-0.734223642804
0.471106084758
-0.756758809981
1.06273075436
-0.622827373407
-0.640409910812
-0.467832098027
-1.2284921264
-0.493782077239
-0.564896291639
-0.533009600872
-0.550365493093
0.669465157843
4.23955994766
1.09067821344
1.17379221666
1.66687934797
3.42797391968
-1.8836594709
1.30773935593
-0.497559951851
-1.16948210068
1.42168874013
-0.989824011898
0.439972164655
-0.680077498082
0.415184832944
0.66430457975
0.420083416645
0.661781945362
-0.385365838914
0.382699414765
-1.03756995342
-0.694246627294
-0.720360955371
0.40288058087
-0.593182768708
0.527319071831
0.332824893836
-0.781857001202
0.380016027734
-0.476420932573
-0.639361472712
-0.318897861287
-0.569841289835
-0.404370626529
0.44102897532
0.630221075813
-0.26239493499
-0.336786005949
-0.255762667709
0.304084126659
0.194825976998
-0.416993091095
-0.297841029461
-0.233485984994
-0.400578876925
-0.551955419435
-0.547055451281
0.352015316676
-0.192962010841
0.328139449808
0.595023591755
-0.126251539535
-0.23112667761
0.189607679005
0.158849005144
-0.30363507522
-0.305729010118
0.282690889487
-0.287086523839
-0.310742850326
0.401824068275
0.180079543049
0.266771836155
0.17902364855
-0.179562392135
-0.29081180877
