-15.9710138429
20.2521998275
15.445012716
12.4873768464
-13.7720417445
-11.5959451186
-11.0811555537
10.2374017041
10.2417124928
-8.67621300346
-3.19444799276
6.26353307232
5.51507418621
-7.31783481738
-5.41841841824
2.66573029965
-4.36257473094
-3.59319704292
4.41382977163
3.98921833108
1.77135417123
-6.62629785764
-3.92818636903
-4.38960711336
5.02480489718
-1.222127321
-4.3963795486
3.14193417813
2.17265727142
-1.42723384229
2.50484438026
2.44295460732
-2.12724619478
-4.20421866552
-4.20057647875
0.648169707096
-1.25959209408
1.62510311408
1.09509269263
-1.56435477052
-1.91290372464
-1.46496243674
-1.69368926539
4.30576882662
3.78306056216
1.36577776698
2.26575071891
-1.31441512779
-2.05196238028
1.09266698757
1.67652847724
-2.56739852427
-1.44453231917
2.04853886042
0.554814315121
-1.29360392727
2.01581468218
1.51053330533
-1.77166931725
-1.89339448083
1.4364359995
-1.38549273739
-1.33575118848
2.21348814366
1.35610290152
-1.62090547047
9.75061738734
-2.50116550452
-2.4926287405
-3.770081494
-0.860706526799
5.9654384345
-0.76603301701
-2.63558029148
-0.954292982888
-1.14204794873
2.38840573756
1.10010571417
-2.08819286981
1.46839035799
0.531982319857
-1.21106492137
0.711860414827
2.26189135177
-0.552625246535
-0.498993866446
-2.17203321791
-0.967362132449
1.64308024989
1.49376419995
0.518549306215
-1.90718112494
1.04462073926
-0.675741807581
-1.12628176808
0.599652023526
-1.48570292683
-1.40159739103
-0.790388129696
1.21433166404
-0.597794167994
0.662968849329
0.783614569386
1.01092588209
0.86585609048
-0.983208350922
-1.02258118535
-0.849827188136
1.91790784006
-0.805740136596
-0.405265062532
-1.17290954758
-0.682400107383
0.439972339031
0.336409452729
0.806447656324
-0.771135204696
-0.774485200729
1.41239894421
0.410440564131
-0.640607027417
0.873583214048
-0.722465894354
-0.854410450988
-0.445927377633
-0.676407954562
-0.751468597023
-0.710172677713
-1.15035263701
0.505133656461
-0.598463731363
2.15366426397
0.781720766969
0.973115244834
0.950159553298
0.409347873673
1.56838190644
0.381856501804
-0.587819346625
-0.290839475103
-0.319664683439
-0.810601676331
0.504570726375
0.737505166247
-0.418013766637
-0.171473914362
0.4160497987
-0.23273609371
-0.715148543128
0.29495202426
-0.17687798566
0.772817121998
-0.29887068848
0.485130435928
0.495766206923
-0.244584064114
0.721502596851
-0.428684787918
-0.279835616401
0.304300538238
-0.253765577589
0.511185517532
0.440421662619
0.20326253398
0.305189139709
0.233734421694
0.217376062073
0.273756212128
0.38924761801
0.25731380335
0.231917473173
0.34882236171
0.290916466954
-0.380600282582
-0.207812048552
0.0829994050678
-0.426589007456
-0.258352616283
0.208749612031
0.0743639050842
-0.262543184489
0.292724353224
0.2851452777
-0.498544380117
0.124769641751
-0.224154460573
-0.377143459067
-0.270672323468
-0.273415265918
-0.219165334246
-0.245329114098
0.365597492021
0.170324984079
-0.474248367911
-0.22176665642
