-18.8128443066
-19.6537786866
17.10086814
6.08759989432
11.581955615
-8.83032692961
-9.12309518225
7.81396010667
6.11580118329
6.48107658671
-2.46455438001
3.59536481577
2.14394287431
4.12735620417
-3.50109501651
2.73561743115
1.99399146846
-3.81154974773
-1.62179672874
-2.08640636963
4.29441667991
-2.18780323329
-3.22508852924
-1.07804917858
3.47808147396
1.6998742867
-2.71877796353
2.93875276074
2.42759467954
1.58970102239
-1.80591203876
-1.44032866923
1.36316222364
1.74673515043
-1.80621798181
-1.8622928553
-1.04265096206
0.817538627326
1.38308139703
-1.16937689749
1.95228154424
1.33766695442
-1.20210112205
-1.59220246694
-1.45600240785
1.09515743044
0.969345440072
-1.14727003876
1.53272656925
-1.40283486614
0.541867943075
-0.646447181583
1.63784382063
1.60152020537
-0.787238776233
-0.603451846643
-0.648894901054
0.9056028771
-0.869607863498
0.552510104649
1.9399794925
0.655310806036
-1.63740285233
-0.690799489516
1.27026483918
-7.34750049983
11.6686836768
10.9897720708
3.5247907003
-2.85437500763
-1.53933584972
5.42712841167
-1.8718069396
-0.736543207349
-1.92296297556
0.860219127187
2.95602969958
-0.936736844636
1.07214687763
-1.8204402119
-1.11669622681
-1.3159122643
-1.4979263423
0.972399106334
1.58143472834
-1.22399118385
-1.88881970574
1.41281409745
-0.184587495462
1.49091486731
-1.69483849671
-1.36998420314
1.6101246822
-1.23087512165
0.676129562067
1.90930510807
-0.7488205748
0.811749614868
-0.869590513689
-0.943898291088
1.26097937798
0.637211219422
-0.632479947843
0.479742863806
-0.524931602843
0.890515665994
-0.512166517093
-0.557302018279
0.882552620605
0.572028953037
1.0837151168
-0.575352728197
-0.702279146013
0.701259748019
0.444468710947
-0.370126107038
0.52032667158
0.716603321783
-0.791689293001
-0.391842049938
0.753624093153
-0.634674724123
0.711940236258
-0.587357956686
-0.627445141824
-0.925028200104
-0.326404460469
-0.653700975299
-0.320793555677
0.713601007725
3.06506947597
3.86569026335
-3.22432871348
1.24380947618
-2.16980852261
0.806584897874
1.34149897791
-1.56705148158
-0.355426447153
-0.609704516232
-0.292025560588
0.766797985857
-0.876178278595
-0.410509906733
0.615438704373
-0.463422686278
-0.336032438353
0.373799733087
0.391099429361
0.494801510707
0.618680744717
-0.453644083725
-0.315016265311
-0.202443135392
-0.606240517222
0.33805420267
0.419531897033
0.405741531791
-0.458264312586
-0.473413452804
-0.321192851612
0.373443489944
-0.328727898815
0.368505185303
0.211308098211
-0.403155188605
0.258546756975
-0.239613518348
-0.139724211226
-0.273499306915
-0.280783574624
-0.264154712836
0.185288696304
0.211062112953
-0.284464787803
-0.32545749112
-0.167391030521
-0.267973975399
-0.298962444857
0.139144881144
-0.173160315891
0.220176173347
-0.212196444397
-0.248176044443
0.115848569744
-0.16764125294
-0.215726827219
-0.280975548038
0.159517643913
-0.214783904366
0.304101506198
-0.126160503119
0.308229299772
-0.141932182336
0.19224888234
