10.9555771009
-6.46555067857
-5.79185377995
4.68625741474
-6.50688502826
6.48015746085
3.20439376153
6.48677280391
6.38937958092
-16.4244791647
2.50203837015
3.2538573328
5.55778139509
-4.04324180977
-4.67711479634
-4.40649118974
-4.1719702403
-3.57759677919
-3.98431114145
7.63694570767
-3.0640021101
-2.28391991491
-2.58434296748
1.59425191709
3.8026247285
-3.33981174801
2.50624503084
-2.52587250526
3.82685256756
3.20146391655
-3.09747718236
2.60939881181
0.981552559316
2.31589879675
-2.52212017715
1.54205789531
2.612362637
2.18050062862
-1.49111567602
-3.36078028399
-1.69949651878
0.918575771768
-1.73404880118
-1.98431438417
4.48156478342
1.20906137592
-1.28707380706
-1.47205159031
-1.18597934917
0.864670436294
-1.71706346386
1.31115666002
-1.60218323968
-1.7081872993
1.48880759021
1.30828880451
1.48817385519
1.07054555246
1.06334275033
-2.24523990012
-1.15605984396
1.78857949404
-0.65985729977
1.12859555536
1.45269497114
5.55100567523
-1.73820774027
1.8304840761
-1.64773783169
-1.93012840681
8.64583880661
-1.23548696871
0.869518963037
-4.15297513606
-3.30664687185
2.35333982812
1.72416407577
1.41663794297
-2.10919610398
-1.00597539441
-2.51487707705
1.74994595741
-0.979887562107
3.29264647987
2.20790620509
-2.59861709162
-1.56461263263
-0.816271155189
-1.09125483306
0.848960025257
-1.56653040229
-1.23646718238
-0.428429587808
1.73320099164
-0.758497721405
1.32140799622
-0.634168291366
0.586682610361
1.38731788597
-1.09819479454
-0.661411223065
0.769184959056
-0.738088091358
-0.925188311592
-1.00650720594
0.572403881005
0.696718270459
-0.552645324415
1.35529349715
1.22176995162
-0.678319976935
-1.07074501205
-0.692098411229
0.64823841137
0.734744983781
1.07316888329
0.452025391687
-0.403674378215
1.21269434193
0.621136790397
0.869452916326
-0.967753841186
0.579851136321
-0.56304908073
-0.822299373388
1.32514771135
-0.728387257268
0.249606649166
0.456240981171
-0.676611936793
-1.61276904292
1.24598064071
0.836346321085
-0.604066970774
1.81966623356
-2.21064933605
0.436656266845
0.408123137317
-0.950385068643
1.51904753669
-0.751472147744
0.593569161359
-0.455503797159
0.696166255732
0.594804670969
0.883990489033
0.564745825651
-0.398914293587
0.816203447737
-0.785225400492
0.797565115196
0.602972047734
0.38574935565
-0.49314712099
-0.86165364031
0.684265743975
-0.417488336531
0.200280276231
0.424957598816
-0.383788725752
-0.326931604861
-0.471470998495
0.253688891826
-0.512471373262
0.209336818573
-0.834658561265
-0.281549687122
0.251673327728
0.226405400734
0.749954760819
0.185786062048
-0.269999168376
-0.292007118471
0.277880443145
-0.531611877217
-0.235881541184
0.332384542079
0.253304020091
0.248032829865
0.263373750524
0.341382425898
-0.300520328464
0.104214961153
0.328091585767
0.223752838774
-0.399293455534
0.207853264539
0.179047979838
-0.174888749168
0.399145934824
0.40325755924
-0.233301686575
-0.0942229772582
0.151181586952
-0.171544881361
