-16.176497791
8.19874309325
-4.97596840972
5.69455288362
3.78244930095
-11.2555149452
4.0503221241
2.79082013959
3.62409567424
-10.113481887
4.98312334852
3.23431997941
4.37821136222
4.40205701087
-9.36886005787
3.5263190788
-3.81094950108
1.57744517508
-2.59210524181
5.9659621836
-4.12615885407
-3.07800892923
-2.46938417205
-3.83642346984
5.83012548765
-3.34180137784
1.82133243875
0.975029503455
-0.778525864335
2.28418306374
-1.51259493987
3.654898189
1.48005691596
1.30837458029
-2.74524295769
-1.82400983879
1.6774306494
2.55945790183
2.10048105171
-2.34366092083
-1.10824038899
-1.389239287
-1.51169612789
-1.19994843511
3.98999265498
-1.01142012255
-1.04047788712
-0.556778831498
-1.01766367907
2.7463609176
-0.885799098417
1.26842296291
1.75732009353
-0.852907310096
0.564073077586
-1.57197495753
1.34944711267
0.909419153107
-0.666965285977
-1.20390384206
-1.34619022705
1.20715407754
0.810429560415
-1.41813729247
1.9484805972
6.1196415264
-3.20700859263
-2.17519151005
1.23820096481
-3.45815723334
5.65722935881
-0.612218297894
-0.875380055628
0.320147846694
-2.75280257436
3.8213023693
1.94442168803
0.63088962407
-1.37637427982
-2.20330044506
-1.85652281013
1.55737007696
-0.735244505137
-0.60484293405
2.96569625614
-2.62167568239
0.95704545912
-1.34439686132
1.4707976478
1.84185671184
-0.931785662152
0.468195394847
-0.668238399585
1.04379100433
-1.19892229869
1.61005686235
1.08852702471
-0.573144699392
-0.547020565919
-3.02166786848
2.05143241971
-0.852454218223
1.03965507288
-0.68187636087
-1.4147139239
0.886688090542
0.568084147125
0.742734620623
0.476751577374
-1.27402038032
0.649181366858
0.779221941345
0.586647014464
0.502492228387
-1.66602144465
0.765411432822
0.754329173448
-1.16760237085
0.466049919428
-0.572652841386
1.20903066307
0.578239774693
-0.536979550963
0.323882610396
-0.649740003575
-0.487898967994
0.492747243265
-0.475459458941
0.798175576012
0.736555839488
2.6557602772
-1.12038164103
0.958925320715
-0.794224420765
0.870917176499
-1.27350904235
-0.247163468702
0.412058087605
-0.201557665618
0.717578047519
-1.16758768245
0.914184632905
-0.45200660137
-0.350650226004
0.802468590598
-0.358520937485
0.452878872361
-0.372789354037
-0.181803562531
0.792108902159
-0.696932597042
0.318599579424
-0.363569215689
0.464707834969
-0.469540333557
0.482153303264
-0.284108448608
0.0957428367451
-0.245092514751
-0.370626863059
-0.676931484196
-0.495190690243
-0.20476937278
-0.149438995099
-0.766405965709
-0.441776983349
-0.265933820409
-0.385080176407
-0.134030564294
-0.423191297933
-0.268600420817
-0.26516263012
-0.264161462842
0.197681736751
-0.52427771253
-0.270388969399
-0.314289402579
-0.210019505698
0.193770490645
-0.270747201676
-0.284877223935
-0.316285764943
-0.41760906403
0.136851142103
-0.166560597067
0.27403111274
0.204643526217
-0.106280620799
0.183552367939
-0.1955087373
0.172365256488
-0.105514042199
-0.122554686318
0.259218186536
-0.243414033864
