9.8469381043
7.07658509361
-7.99891909701
4.82424873632
4.42530164426
4.91887052833
3.61379923682
1.46351415759
4.02168696528
-13.1752034438
2.39929057049
3.34909032792
5.47462700536
5.14704623692
-8.00450473584
-4.90223708616
-3.83915405666
2.53816296655
-3.2226704088
9.40454557615
-3.19345990923
1.78654384183
1.14445669222
3.52500501397
3.70343213988
-5.81670772653
2.11260358695
-1.96083319405
-1.63997635147
1.72201445256
-2.4888349078
1.43185577436
1.54729994537
-1.12798824784
-1.25723780267
1.67775865829
0.880139426352
1.75969714217
1.77340957748
-4.63677956627
1.7672898378
-1.75665404565
-0.67390414393
-1.55996088586
2.33196083521
1.67190324814
1.42135350777
0.964551539205
-1.89224249591
1.25846393538
-1.151093221
1.34044646297
1.20670560204
-0.837534013031
-1.32718869435
-1.2641851104
0.820121668349
-0.621088002481
1.49026228796
-2.38024128209
-0.978580795937
1.60932930339
0.96554375493
-1.30284019259
1.1360386309
5.97343055578
-4.39164823094
2.16435185696
2.13775290408
-5.97959319653
6.44414684754
-1.20528100115
0.981830322519
-0.877091261148
5.06745001746
2.0911813154
1.67875362221
1.16019342399
-1.84192140894
-2.40737286224
-4.03531319798
1.18919275166
-1.34928939809
-0.908746725323
4.09676527788
-1.61225188883
-0.593246669636
-0.884175475889
1.96518707575
-2.29848331496
-2.05118162384
-0.847765179353
-0.640475140345
0.812491805022
-3.3682668763
-1.08327800845
1.0933112505
0.708314851391
-0.656136530877
-1.10085481382
2.80980320986
0.494593069478
0.706767712482
-0.442800011585
1.94358201156
-0.962026355366
1.59791546877
-0.542817780122
0.634132679689
1.4886586451
-1.08887535815
1.03415981874
-0.69574192962
-1.08403242407
1.19612583432
-0.591211713857
0.640603899567
-0.480997035598
-0.436506347985
-0.827175194627
0.861597835324
0.416596533261
-0.411050320263
0.608717827504
-1.40857573523
0.394212002257
0.891566222428
-0.721940009414
0.64065159522
-0.807014631672
2.16108361621
1.2342034109
0.780749106204
-1.00666267459
1.73797148664
-1.5507985708
-0.289460866321
0.435975329209
-1.07521109348
2.04497667357
-0.812610659189
0.486566640853
-0.314429540808
-0.436099167425
0.9680938337
0.842105649174
-0.449234273992
-0.671162613108
0.998433451966
-1.43633025678
0.633905328854
-0.174497581687
-0.225327086893
-0.694961750247
-1.06591759768
1.08340714395
-0.367586346104
-0.274709595307
-0.246579363745
-0.925361613393
-0.515745673805
-0.428114931091
-0.216975650129
0.298303815163
-0.206712934215
-0.836774418429
0.253005475266
0.107520538233
-0.18921832906
0.880279441598
0.334486126399
-0.450357255538
-0.25497980287
0.234649541118
-0.531283431156
0.339626932737
0.240003774049
-0.310934809242
0.314793026435
-0.433759426363
-0.207283772953
-0.221216081473
-0.138398999401
0.28987927992
-0.38754649158
-0.216123328391
0.147312863894
0.192463621855
-0.376561329512
0.386572994469
0.162443204891
-0.333411421321
0.274985102128
0.281321114811
0.195915528193
