-18.8647365628
11.2291271246
-6.07717840317
-6.0648995032
6.03180613357
-11.6306303407
1.96092673816
-2.23241920326
1.78033060023
2.73478512052
-4.66486349279
-1.61426511002
2.71928954224
3.22234896957
-3.14322629672
-1.94244194265
-2.67859252391
2.56459818231
3.5881949054
-3.21529831796
-2.7717204133
-1.54153614351
1.3173244146
1.80513124756
-0.968380444296
-1.24389402197
3.42259151257
1.61256098539
-0.81822598352
2.13487555489
-4.5400018905
1.46622180188
2.02438969454
-1.00970042122
1.04427862257
-1.1718203567
-0.911616800535
1.4072085817
-0.482513836226
-1.37888779496
3.13148023406
-1.60923852449
1.92138847384
0.984867915128
-1.60326965916
2.78039587541
1.06949330814
1.02729992907
-1.16378535723
-1.0863056371
-1.42680804086
1.87169120758
1.00911922381
-0.833736617344
1.185603861
-0.811254242929
0.47047781971
-1.02569803995
-0.935858584464
1.68799346725
2.45457407643
0.688671634672
-0.586463298814
-0.610360579531
-0.538641139608
11.1190220155
-5.31503148536
-1.97365611528
2.9662547975
-6.51508101196
4.20793090414
-1.43675899677
-1.5739955785
1.46381666496
-7.18270773059
1.982418823
-0.530161432951
-1.45151289312
-1.10840809961
-1.80198462461
1.40660089511
1.06225331958
1.78609896789
-1.38651073358
-1.44137237743
-1.977596655
0.87882112731
0.733250750881
-1.02378645243
0.660432919846
-0.816226029551
1.56416504146
-0.822211478016
0.390749873668
-1.40201212749
-1.82994519941
0.693575225785
-0.800149703373
0.588061268181
-2.61069255807
0.648115493579
0.700801916948
-0.623825072999
-0.330547917573
-0.502621848067
1.84581931398
0.682196532506
-0.881233624959
-0.848204558014
1.30743361068
1.69741438222
0.810060946454
-0.454489874214
-0.761708426728
0.885320918744
-0.925403526588
1.00623145339
-0.441735284821
-0.374410325147
0.61838672263
-0.51457524998
0.219570535149
-0.450217085508
0.532858275932
-1.14448470556
-1.3528915216
0.604234661303
-0.341387821522
0.334132700611
0.886321229531
-2.57417497968
-2.05439511294
0.892074312694
-1.00386417984
3.94300477008
2.69390169952
-0.389762109005
-0.591387553147
0.634261478267
-1.88015291988
0.907207058762
0.307324904521
-0.671152380769
-0.459870572421
-0.466183506151
-0.50473828825
0.322127799679
-0.301397943528
-0.493169169439
0.711993318136
0.648172197473
-0.218064084375
-0.220878031883
-0.342504062682
0.136817855437
0.349596619879
0.453480802537
0.190550240374
-0.158051525687
-0.380558428868
0.734236008633
-0.279607038172
-0.302540692017
0.322150590434
-0.623277141458
-0.254065409535
0.274309754777
-0.179701996961
0.235079868046
0.244528490008
-0.499792375831
0.225322717166
-0.23352782086
-0.244910902555
0.511527658303
-0.45556470137
0.208517430203
-0.0891426145573
-0.223815398914
0.326977660807
0.302892221736
-0.231263242294
0.108668777853
0.164617349207
-0.268450200037
0.344361328587
-0.0656102044918
-0.141677506236
-0.177548755903
-0.316862859251
-0.375806473843
-0.148402585864
0.13907830881
0.105596037082
-0.41228257423
