10.1248367809
-5.66989910769
5.73368812886
5.48221680631
-16.6289938996
6.45614004383
5.08122422913
5.74003164527
-9.19384720086
-11.8959230672
3.28981739211
3.13433585538
5.3683326297
-3.08846307396
-7.93593033766
-3.31801722585
-3.57573386635
-3.04884916214
4.74430082321
3.42629434772
-3.66648693217
-2.61973469462
-1.26304703821
-2.51172110134
4.96354143958
-4.669813483
-2.75704059844
-2.52504327034
4.94164169138
3.9047243327
-1.28299840271
2.84056613184
0.698666775089
1.08167267345
-3.5506204891
-1.29792818264
2.19640877886
1.84770763802
-2.19819608491
-2.09857398241
-1.77332613788
1.21604801419
-2.91857744263
-2.58405818364
4.80183647719
0.722689221131
2.05084046086
1.43001035994
-3.4105682831
3.19044494333
-1.16150886277
2.58954330706
-1.2186060703
-1.15571507496
-0.929053470043
1.66193056853
-0.979801069779
-1.3701132996
1.27871906656
-1.2093074216
-1.37200083233
1.07941478129
-1.60487192624
1.85423075214
0.819091022822
11.0554627879
-2.54030578795
1.70998546396
-3.20234267509
-3.10862554875
8.21868906665
-2.09505756427
0.535702267716
-3.8676438536
-1.00588510223
3.24629187395
0.964835864453
0.848059730098
-1.65913651388
-1.90158142251
-1.77797697418
1.72477709483
-1.04492105751
2.1696469958
-1.36679023569
-2.80548859699
1.76897140865
0.54783938127
-1.38157221253
2.42078397701
1.72782182999
-0.994271882492
0.932224286671
2.51072817518
-1.40705407529
1.68449132473
-0.897171689304
-0.705014235549
-1.35273309937
-1.52585164938
0.862138887763
0.89654711924
-0.456348275155
-1.02399954903
-0.614621920765
-1.15985807325
1.10648943572
-0.72813395413
1.14641517548
1.46867016918
-0.763957515651
1.07166365422
-0.731529117354
0.895020077375
1.44907479843
-0.55145985327
1.39016118966
0.594764385502
-0.762329798253
0.733124254451
0.626786984497
-0.624452337109
0.617247428886
0.574466733455
-0.705482823477
0.866422287739
-0.522824348431
-0.442341985819
1.16162999006
-1.03835614607
-2.62329143309
0.767834984702
-0.579445072245
1.22167633967
3.54102208417
-2.0670498731
0.775067655911
-0.383330916714
0.891050718561
2.20616651901
-0.985729581352
0.404914099896
-0.420229874333
-0.465281422802
0.955363917957
0.615663154901
-0.604013920548
0.468349606583
-0.648652132284
0.551984375857
0.856845262413
-0.665006153293
0.33644993834
0.950589047384
-0.841248237159
0.500511039107
-0.322555183171
-0.432967188913
0.856480875194
0.394399987306
0.520882213992
-0.611331391141
-0.278505029623
-0.479476563889
0.504560736548
-0.306757809919
0.252352036574
-0.191854135573
0.226250572081
0.160942604964
0.246409984791
-0.402267437695
0.286883058769
0.198412726188
-0.437612137558
0.255459373523
-0.428828950134
-0.18827527065
0.440338911927
-0.384612738758
0.22357014994
-0.443316997664
-0.248832146749
0.373863513176
-0.231286106927
-0.265821679998
0.119075619726
-0.196977768697
-0.319987389233
0.191528048149
0.262259487147
-0.200303505592
0.21038957264
0.385590214447
0.243353691073
