-15.9283728003
13.826204745
10.3758426904
12.7746546325
-11.0042158846
-11.9797829267
10.1187755277
10.1590167517
9.9630916045
-9.20129894569
-5.1855841531
4.57679586809
5.27718214017
-4.3372505361
-3.50875514152
2.31475661959
-4.23485523415
-4.06151901627
4.91920691325
4.86167302011
3.27785719844
-4.66613109585
-4.18908412962
-4.27795876904
3.91892271551
-1.44269395743
-3.36473594371
-2.2506525825
4.34325486304
2.23905346059
1.78154087369
3.32252118655
4.04967352217
-2.9218257132
-4.57365288029
2.56899318061
1.64161091789
2.45945622467
-6.04819337991
-5.48053005515
1.53272907032
-2.05295097746
-1.918669758
4.66399460608
1.73102971221
2.36047750686
1.62423943698
-2.14987589904
-1.79375203548
-1.31531140987
1.26069642244
1.50694462283
1.35886052164
-1.6085652386
1.29039634648
-1.33900981737
2.5158085023
1.63767170801
1.49477895526
-2.20710337041
1.73136881103
0.648547726452
0.913578408023
-2.12789413551
1.68637280326
2.31616434069
8.37260440737
2.71534297863
-2.05027671301
-2.9397178578
1.94065929814
7.24633703158
1.10376513177
-3.78947986704
-1.60060293186
2.05648095996
2.77248830778
1.86131571952
-2.17550785861
1.66603277581
-1.05861232526
-1.06203382134
-1.78084406267
3.19849525897
-1.13139368862
-0.652626711454
-1.917608368
-1.08685179365
1.40282823147
1.09118943723
-1.07208575093
-0.967610482053
0.786118815284
1.03630950787
-0.694088304965
0.624878914568
1.30590077748
-1.34166130899
-1.12945449442
1.44127145972
1.43797289992
1.07880297704
-1.11058906504
-1.12192158507
1.58444522611
-0.803335263046
-1.10889916809
-0.888012660229
2.17992746075
-1.19458221254
0.850816983518
-1.44407509473
-0.944488043602
0.779678427209
0.788467605946
-0.802571687067
0.943328001985
-0.767795023321
-0.799202941059
-0.644747999488
-0.734891847572
0.874549277543
0.767092401492
-0.614887172331
-0.810474719002
1.14667219423
0.588017779712
-0.42548041058
0.892834606601
1.07701505407
0.762509579069
2.10663939585
1.02142174521
-0.793947080509
0.533983623132
0.889142015846
-1.79438853112
0.406197573387
-0.955575497955
0.469906790207
-0.664639836515
0.989640404211
-0.427789931455
-0.653212862629
-0.542382639566
-0.260640482749
0.328417461297
-0.622434209874
1.00726550565
0.343691460598
-0.258923837743
-0.545101474304
0.35203264874
-0.68144512714
-0.383456946343
-0.363123338828
0.398371377112
0.289020329907
-0.428974670109
0.352417743862
-0.43378484626
-0.497320811196
-0.556233034747
-0.296626514101
0.511210749681
0.385335554209
0.36027326183
0.288820530247
0.456393469462
0.66189395014
-0.269905699428
0.188492003654
-0.340670206088
-0.848519163103
0.354034399055
-0.422956083238
-0.355106533209
0.404200023817
0.389573715228
0.230363062608
0.334832221684
0.298758595382
0.196394195927
-0.292995288275
-0.317933922487
-0.27521376239
0.284920272915
0.310678815394
-0.325854014522
0.236897578466
0.254413457945
-0.253374547573
-0.16742535966
0.373275420145
0.206731578787
