12.2605601652
10.548067915
-6.34905362353
-4.69407534533
-5.99746153451
4.4425799612
4.11236022835
1.18000082403
3.19544827172
-10.2369634094
-3.96959732428
-2.40546514431
2.5865373658
4.94834315589
4.10266581544
-4.85344233045
-3.75941588642
-1.04910391557
-2.74086965609
9.58249957571
4.17853515216
0.89817467292
1.65153337821
-2.06639721269
-3.44614177774
-3.17172181403
1.72985258243
-1.79662099706
1.85969543923
1.44133038163
-3.10184045505
-2.013379618
2.33973481937
-1.16776041966
3.21816583569
1.23142394256
1.6024880797
2.3987186008
1.93940330923
-4.94912616634
3.28159909315
-1.12180041739
1.45911532643
-2.3264014948
-1.66177622817
1.99164225753
-1.38396774021
0.787916331333
-0.732739814437
1.47013886419
-2.08907439452
-1.30139406144
1.20866389478
1.9699058562
1.52775697264
-1.61594005621
0.730974981713
-0.497147845335
1.05349629659
-1.52728264932
1.38057459604
1.28046611167
1.28984598841
-2.33327769501
-1.89713616313
8.74202727774
-3.81082596632
-2.3719002295
1.98247320919
2.70639640452
7.00514102209
-0.830956352668
-1.05507387228
0.739627583295
-3.40683882485
1.48560887227
0.890447673992
-0.967722932882
-1.87606614144
-1.77951477362
-5.6332415382
1.16042740911
0.885919156288
-1.11013325479
3.60193271641
-2.87410822171
0.376679352644
-0.797238555797
-1.4009739655
-2.03438135001
1.15889596842
-0.414175142594
-0.927502980308
1.11450130959
-0.959751776147
-1.003648456
1.0014913469
0.620454633963
-0.966706090953
1.60342483942
2.49180952915
0.33242573221
0.522123702103
-1.01735192644
-2.70949267433
-1.69487628725
-0.753361034594
0.689446354657
-1.1222123928
1.0674731687
-0.809557110814
0.459723900854
0.675530177255
-0.515650914727
-1.11953788086
-0.567267042324
0.837657455431
0.363810416808
1.13334952262
-0.825350321898
1.30826742742
-0.521472934236
-0.331137885
0.53176035748
-1.2366606663
0.705872002446
-1.04053963946
-0.807722261977
-0.50706962348
0.860914719771
-2.10284899656
0.86070753846
0.54885120352
-0.846282086485
-1.12175916841
-1.72488042531
-0.194075027962
0.341373739232
-0.363168550517
0.912155253574
-0.633477793628
0.450549908676
-0.475927312681
-0.648447111251
-0.741876865074
1.38080104992
0.322537160367
-0.333854273058
0.516046224625
-1.02726648263
0.968129626744
-0.192675109301
-0.29347947711
-0.460059283455
0.77326140359
0.564359412411
-0.25663210924
0.332734826624
-0.382587788217
0.442490711283
0.563973651229
0.335004332996
-0.232538514781
0.239211412654
-0.747403292881
-0.733723408928
0.0946820699465
-0.270910597561
0.277586821888
-0.796795289285
0.490974301794
0.246841258114
-0.351207168642
0.299353000379
-0.349190363827
-0.254158883547
0.203181547735
-0.215309801157
0.157275508318
-0.321204239292
0.351231124439
-0.132572164443
-0.213216926418
0.344683017253
-0.299016299306
-0.372143197694
0.161891414931
0.125558668887
-0.269469566782
0.413900586146
-0.433450650767
0.294751172657
0.220666695918
0.305843537136
0.247437512476
