-21.4979108278
-18.9368649006
16.743676656
13.5730131278
11.4803653802
-10.9789134871
-9.83023941494
7.51865996047
7.45653130978
7.80389975942
-3.18797443434
-4.47375005412
2.49121788461
2.80221552483
1.73929185042
1.05912351886
-3.2932653286
-3.09196164231
-1.59577799437
5.37905423096
2.23264722698
-2.33453348306
-2.15665101532
-1.25123709396
-2.90068578466
1.19260229601
-3.532260062
2.10035945696
-0.647075222847
3.63847770702
0.587273446469
-4.55898719022
1.3866419765
1.1805476298
1.41957924562
1.22544633496
-1.02968294165
1.98603762491
1.54027145905
-4.68673716626
0.492743434248
2.83074576712
-1.17940607368
-1.27896324934
1.72365927439
1.29415940171
2.78867707035
1.34339536941
-1.36120782975
-2.48137203249
0.744150796835
0.695450240998
1.48609034408
-0.824157714285
-1.69337972659
-1.02998842184
-0.399221232762
1.33195930184
0.702495249761
-1.17726904616
-0.594404372541
1.47723733005
1.15010306958
0.559963692938
0.670166963715
6.19269845421
8.3909045179
-3.57075200264
2.57396879528
-10.4624122885
-2.15369490479
5.27015770389
-2.27323742331
1.46767294352
-3.99488787963
-2.0457387991
3.62632004961
0.773661623417
0.908580994518
-2.38236617402
-1.59857003738
-1.81648753905
2.02106327757
0.585935800682
-2.39139776978
2.13268073202
-1.8444087094
-0.881225522301
-0.439145385383
2.03630962994
0.403531996195
-1.66467648983
1.00688401437
-0.299694486353
-1.60550555183
0.520615654442
-1.82664433692
-0.756986217192
-0.527675575515
-0.683281229684
1.04501938727
0.780834875478
0.72720163357
-0.429177387445
1.62965759963
-0.375745971257
1.26923134283
0.791379067254
-0.542300146794
1.58034750312
1.07478056024
-0.902940775772
0.990339099787
-0.486717581083
1.05847423291
-0.254221017566
-0.337552722105
0.914613326484
-0.417245570893
-0.679631222531
0.357138027911
-0.304747198587
-0.496079903741
0.516318439967
-0.59161569114
-0.429998271764
0.808082774772
-0.642556086185
0.347486397866
0.509287560614
4.16377768569
-2.23686167233
-1.72991157787
-1.59168732978
-2.28035523677
1.30111614984
1.22200256892
0.546295891399
0.557074227095
-1.1097109575
0.585753786494
-0.956236436169
-0.332365714564
-0.20667748797
-0.881524038016
0.513076078283
-0.593934158619
-0.439879275064
-0.563602631935
0.970376373224
-0.56690955816
0.427963005782
-0.228954452554
-0.186983655114
0.638762070439
-0.173331199133
0.444528910831
-0.390924669405
0.35728651797
-0.54146195277
0.155415994829
0.712629039167
-0.292292019352
-0.263412072108
-0.228858490229
-0.41996461017
-0.258579208918
0.231664128468
-0.117671508712
0.574026171074
-0.0836708098851
-0.360489867147
0.306478322556
-0.21544046872
-0.399740379009
-0.290383933501
-0.30453893068
-0.34544181552
-0.254540570194
0.368018455755
-0.217535970115
-0.0883009650908
-0.350469370402
0.0937271871282
0.235316997979
-0.166067676409
-0.116538770747
-0.170904642831
0.180950079158
0.220536990347
0.167210528231
-0.29556613503
-0.223661300316
0.103650446223
-0.178176652957
