-19.7281397716
11.8473148878
-8.06589906904
3.34475874329
-10.6445944404
-10.1966229432
4.12196020677
2.63026273595
2.24499385998
-3.11386000702
2.11616072338
-2.06892522089
2.80943611238
2.03002663814
-2.79006109833
3.06986476782
-1.96143866676
2.12167226879
1.22003747932
-2.61131174009
-2.79000136303
-0.932959092503
0.971327296778
-1.00345093179
1.62009308442
-2.28218457792
1.52472344728
1.66658792506
-1.42770631144
4.59971812924
-1.52055932066
1.60439829177
1.79125547266
0.465120522699
-1.13893570409
0.990117978205
-0.858235313238
1.45445846329
0.980042750877
-1.77245535972
1.90671777414
-1.06711729414
0.954924825457
-0.571563116455
1.2710053613
1.86630769021
-0.443590809187
1.04355178214
-0.917893392841
1.10827910788
-1.07090571049
0.692314790991
1.040846559
-1.14941416165
1.71662276499
-0.664263717699
0.65449805225
-0.340140685209
-0.898495604822
0.603242443196
-0.614955460054
0.541343715031
0.92803059895
-0.383002993339
-0.884066915724
13.0627535117
-3.44092982039
4.1115703835
2.56262316507
-3.92008408709
4.28635702786
-1.37717749164
-1.62643805276
-0.977524646338
-3.0995079393
1.40845656067
-0.836507001061
0.906665958466
-0.640060675823
-1.21120315004
-1.65701296613
-0.270561346319
1.80994073586
-0.37863457969
2.7766197786
-1.98156056826
0.829062387131
-0.827881581082
-0.404638923075
0.871993315553
-3.10932557758
0.653776036582
-1.19410962637
-0.298457607965
1.84401428765
0.641462514586
0.57401578722
-1.01350537505
-0.176612060214
-1.0140813955
1.1477632729
0.681935291839
-0.516964038422
-0.366407221227
-0.672779203454
-0.988011127129
0.445133375099
0.868264530843
-0.299145360819
1.32048052514
0.815644751567
-0.318096141255
0.743571295661
-0.334905917927
-0.732964895705
-0.471105328996
0.383219563723
0.48612080414
-0.459771279854
0.780180223518
-0.711974687223
0.351620603413
-0.268250052527
0.374649879124
0.284858947949
-0.402602999941
0.236988488196
-0.334627798945
-0.144399680303
0.409779967912
-2.81530781742
-1.40116597491
1.5621241826
-1.14539162028
1.45205759207
1.84646624179
-0.581537618407
0.668287824022
-0.595209548315
-0.778778445253
-0.684648283149
0.388778396356
-0.335101177368
-0.315893630942
0.432585057433
-1.10840818618
0.520125520545
-0.727344479833
0.366072030611
0.620500591422
0.727520425882
-0.336234447777
-0.355941761381
0.294504355317
-0.363020350315
0.904890133372
-0.367150815969
0.320040458096
0.122712612356
-1.17397009046
0.413885977523
-0.396880290568
0.270349797392
-0.0965649196204
0.227482485683
0.345442971772
-0.299724832565
0.112232670881
-0.177288203217
0.261365266114
-0.44614249708
0.160018947691
-0.180178981739
-0.0773385759423
-0.391312651726
-0.437563025869
0.128037211348
-0.162364631169
0.133120136225
-0.289251060772
0.212965731561
-0.138299427357
-0.19840385306
0.142271111695
-0.247837145019
-0.182925270041
0.116279515113
-0.0726007049452
0.135847324726
-0.227697605277
0.0973446287704
-0.102410446
-0.0860156004252
0.112576634286
-0.197849735396
