-23.1799521778
13.2230525692
-4.51829179499
5.54783329577
4.24810980156
-14.8321800209
2.63392006129
1.26019651726
4.26902723463
-6.96449209662
6.34769326699
-3.27584270804
3.33539202806
4.84843438712
-3.73451545638
3.65611442887
-2.56393868647
-1.70908068064
-2.21333888949
3.57891662752
-4.87561283545
-2.28069565989
1.60498629824
-1.15465576889
3.3349021356
-4.98083946944
2.50681414786
1.97233956134
1.60505554971
1.25897021309
-2.24018607566
3.14108447993
1.41957343914
-1.22332141352
-1.10910208949
-2.14055342521
1.05835947036
1.33567831781
1.82088828169
-2.97393748113
1.49932375578
-1.25473688301
-1.17747114673
-0.999154123531
-1.14440344936
2.60230706156
1.25253179988
1.80479102303
-0.944976016981
-1.81768048271
-1.12731766555
1.33385311307
1.62827711391
-1.32011527944
1.10358265928
1.90694284311
-1.45507294876
-0.9795662312
1.41422337056
-1.64263791347
-1.06369465307
-1.56608405995
1.58567438343
-0.75116254785
-1.45931147962
9.58946843405
-3.36157640025
-1.11395667765
2.18726915825
-3.0479090601
6.75751691658
-0.581004554896
-0.470667814466
1.10497777447
-2.29446462516
2.5437709425
1.52315112692
1.28885136422
-1.76899437118
-1.77274374435
-2.0672445941
1.14412711759
1.13669155153
-1.28082993068
1.50227079281
-3.04644232337
1.63231417649
0.688752066461
1.44137768302
-1.53884330782
-1.41891312856
1.02947106989
-0.96944176183
0.921468001648
-0.583581290358
-1.10943244351
-1.40223528957
-1.23758406817
0.486683486791
0.899557461809
1.33557228077
-0.740547689592
0.757639355751
-0.496092648173
-1.22532349778
1.66789865161
-0.554847605348
0.842957410667
-0.515136716069
1.12676555418
2.5488167789
0.392304291346
-0.617167155198
-0.518432221632
-0.620932366987
1.03613837839
0.586147852969
0.827320246605
-0.670020145109
-0.901216614707
1.00455056919
-0.66369328319
0.703538626167
-0.399714815323
-0.803766597628
-1.05236966071
0.773916496834
-0.686130206492
0.464211702436
0.676779986864
3.56009485618
-1.47691003758
0.439076087725
-0.897557898052
0.498886080298
1.71735641783
0.239103581705
0.262432941564
-0.390129094289
0.562077402136
-1.04677051926
0.478761998309
0.490169368183
-0.618326880934
0.514787691621
0.54402206762
0.458308946929
-0.604380370552
-0.411990757836
-0.356124953735
1.03515215837
-0.508132007636
0.272241480128
0.50843763713
-0.472393516981
0.794582519389
-0.246733502949
0.294906966736
-0.352355945615
0.0956676281835
0.440743978246
-0.503173219069
0.416128283641
0.190462972714
0.227404612032
-0.366775465691
0.353601512708
0.300681524819
-0.237672491589
-0.365453733862
-0.492260531597
0.214659245081
-0.335393985881
0.388557673942
-0.339346806153
-0.706816166203
-0.156746945308
-0.19822941598
0.177277618473
-0.092100023178
-0.402329576632
-0.207438977815
-0.374335097928
0.280047346925
0.312494979124
-0.329004249907
0.210962758046
-0.222333206469
-0.246738487837
0.166579259798
0.318152747186
0.311784050472
-0.273956675537
0.118773748684
0.326360818818
