10.8083320617
8.55620231456
-7.08689580805
-2.96171690426
-5.42154771168
4.44031811757
2.74652129319
2.85712535855
3.70375292043
-9.76782407312
-1.49764066511
1.29763853507
3.68957610807
4.40380426981
-5.20271921013
-3.42073438853
-3.2493467946
-1.14698659588
-1.15763690848
3.05505290376
-4.65823121112
-3.95173718403
1.819867696
-1.11172374661
2.15758775096
-3.22474414808
2.25600009795
-1.72658548042
-1.73350273166
5.07629472725
-1.1041719798
2.20600211117
2.59496846207
2.47724507736
-2.55857143651
0.428982010961
-1.15012496772
1.50689252262
1.50244577593
-1.49971461884
1.00701476786
-0.93730969728
-1.0252421894
-2.1117839858
2.36061632451
1.35102869284
0.526367236769
1.62037436
-0.672069854175
-1.21433517985
-1.13657580969
1.23791439768
1.23431793723
-0.365436948926
0.577368257312
0.693556713544
0.431116972511
-0.683858437839
1.23066186846
1.4586589127
-1.41305636268
-1.28485647208
0.606202068725
-0.448732224407
-0.586821915033
3.98706470938
-3.91730127735
1.98577322823
1.17885678691
3.13876070119
8.4944448658
0.781189243538
0.821495816428
0.375362547103
-4.4605417859
3.78592185266
-0.907494503254
1.04491543885
-1.21142310389
-3.18152732624
-4.42978284979
-1.51527194873
-1.01126611399
-0.364514669729
1.23487724128
-1.66477076066
1.30546660252
-0.975644420625
0.592071435869
1.04406213555
-2.67647898972
-1.33563472632
-0.629952388742
-0.368346467485
3.46462443922
0.907766565868
1.49151591882
-0.614247908779
-0.925832847607
-0.895287887869
1.43766071663
0.503284093366
-0.492874364906
-0.27449094176
-1.08095991239
-2.12026587483
-0.541360774142
0.714618306831
-0.540525869215
1.28923614211
-0.560866042842
0.493947783629
0.623810889989
-0.429175089209
-0.914207806537
-0.346364505319
0.636139430457
-0.429691847631
-0.413462275506
-0.741113056705
0.366974079587
-0.251281854242
-0.257702529819
0.772573827623
-0.952241110505
-0.824051452156
0.836183130155
-0.285574766174
-0.141309136895
0.486141086987
-1.64452125989
-0.960558936077
0.781980175223
-0.67397956665
1.02873271363
-2.43193048914
0.43052655257
0.31828226551
-0.355491582676
-0.948280610054
-0.796002280117
0.407636254082
-0.353004043852
-0.431106687115
-0.964675384764
1.37765649876
0.611627558774
-0.415360140368
0.29387464657
0.303304452937
0.59261172429
0.426927174086
-0.330484024482
0.319109833523
-0.401625825299
0.842246448203
-0.416636954315
0.356646278956
0.168518070495
0.963792808417
-0.400547343995
0.506757987615
-0.156459987994
-0.187215325492
0.320026567333
-0.440949589265
0.135154176991
-0.227018947277
-0.153699798883
-0.275869300994
0.612525284903
-0.118156795007
0.250656962503
0.300352749917
-0.316232865691
-0.369969103303
0.127238166672
-0.159621623973
0.155009676161
-0.313357303561
0.214024124933
-0.139624958099
-0.266457819522
0.13262375804
-0.186984061503
-0.141579723732
0.0921678263507
-0.0895964111672
-0.385597814432
-0.348599922888
0.342218747385
0.250310535026
0.0884062932278
0.054358817541
0.118644285558
