-23.1055225163
16.9345414411
-5.9871998922
3.8440702518
4.99258991387
-14.4094496394
4.88532437763
4.60649339785
5.40639143237
-8.65340706758
3.22752946351
-2.78954729384
3.19930946474
4.86454365654
-6.96784396464
4.1676374602
-4.7715834913
-3.01162087201
-2.35519540807
7.43125581391
4.72503331522
-5.42719885428
-2.18286906942
-3.22024344459
4.53346258448
-3.09350856746
2.14272909004
1.78566343214
-0.996640405787
1.58722632339
-3.2349380564
2.28829052977
3.65964394402
2.57855138286
-5.64679608392
2.49958403386
0.770102390241
1.74627387546
1.84315945659
-4.62836718236
-0.917299563502
1.0901236377
-2.04789718939
-1.52738692692
3.29898825046
2.26365889161
-1.07422093945
1.42795072864
-1.1647041908
-2.22076013832
2.08639865197
-1.42643870272
2.14700762877
-0.403721278052
-1.61066495643
-2.40890419362
1.7083775228
-0.796907950307
1.1105352591
1.29747775326
1.55134974791
0.623895488185
-0.883520351064
-1.18907517585
-0.976113186869
-11.7132613942
-4.91120118528
-1.99156223692
1.45044519394
2.82939866961
5.59332015544
1.59509507375
1.35314605084
0.48814115195
-4.36014652662
3.1660991083
-1.84905263691
1.36022646016
-1.00911447466
-2.69341959924
-2.37152091324
-1.81551622622
1.06092619703
0.554894440125
3.83923170609
-3.57533542689
1.60488370716
-1.14838133465
1.04393460058
1.32667237046
0.766717072989
1.62050218851
-0.612151498184
-0.303679736825
1.03691492694
-2.50674455459
1.48566823507
1.39490801059
-0.900342744381
-1.23458194395
2.49495822285
-0.629403805445
0.754566720603
-0.355589963547
-1.90768100394
-0.84134118079
0.927756106728
0.940629219359
-0.518084867373
1.37049815686
2.10279420808
0.811403499642
-0.612366679974
-0.408576365929
-1.12232269872
-1.31567368646
1.06275187486
0.716494043634
-0.49264341013
-0.653578050289
1.35023954301
0.583294858014
-0.395003411383
0.417191539517
-0.770974531217
-0.846999438458
0.577741634398
0.591868836484
-0.361270574726
0.691445024854
4.14434925994
-1.85994702619
0.828087340724
-0.824064150843
-0.853232621286
-1.69375217169
-0.989830102454
-0.618365240065
-0.26820048204
-0.978572555275
-0.84269008376
0.642422317848
-0.300994095998
-0.443891247058
0.608623646839
0.707589941516
0.716512905788
0.396205615428
-0.19541349794
0.914316058228
0.975978158616
1.18304132594
-0.441719953487
0.415780602599
-0.58192218886
0.520472876235
-0.427374914626
-0.158164625067
0.124535365092
-0.413877673316
-1.19079243743
0.690676623413
0.48984962446
-0.143064986849
0.706350929223
-1.12111334937
0.248053209472
-0.222278118783
-0.118216134843
0.407639547767
0.320809194995
-0.419655564292
-0.293131772919
0.115867787076
-0.590072415029
-0.638614910405
0.360017498613
-0.189545993926
0.148715511113
-0.316709665227
-0.539515811689
0.333579949425
-0.235424452006
0.121928286068
0.373991902647
0.477741201056
-0.475936567331
0.194208646074
-0.129098643628
-0.433327235011
0.356185268214
0.174555891553
-0.224089773685
0.170171656168
-0.219806608439
