8.42704576396
-4.72384580775
-5.93993560983
6.30024753674
-10.4597643407
5.41261495368
4.05041779864
4.58295133718
-8.19130945558
-10.2724469101
4.081467982
3.21622990818
5.44607017718
-7.41484294629
-7.28900077783
-3.74568553273
-3.61884929327
-3.04301661935
-4.29858097683
6.43284041251
-3.91901795544
-1.52376285948
-2.55538675398
-2.09996133865
4.71694105543
-4.08041118269
-1.67655844141
-1.95255836981
4.80265159955
4.3775405695
-3.31895402787
2.43748016863
2.28510467678
1.60012303019
-3.67805928621
1.63321532202
1.91206539694
2.42270988527
-2.72154959899
-3.32753053939
1.13574782372
-1.27641212075
-1.76596091251
3.60619769594
3.55678432032
1.13073360872
1.41472253069
1.40461235002
-1.49469882579
-1.59914147542
-1.34837391618
2.1429668417
1.10619042554
-2.34959728129
-1.28279592975
1.15211878999
0.733474551734
1.55117603429
1.78847065663
-3.68962744308
-1.40350722688
-0.806499567308
-0.9765451352
1.69387680218
2.06518113013
5.47221633221
-3.92766655703
1.5945168774
3.40460969818
-2.70317587831
5.04710449191
-1.16810425722
0.571506999013
-3.88346780591
4.81257774523
3.10966590583
-1.34958211187
-1.18336282748
-2.53457219317
2.57277347112
-2.31262977839
1.15200268541
-1.3619555357
3.42502830767
-2.55389752276
-1.84883822202
1.28021938417
-0.832485819148
0.905436375086
-2.25854254908
-1.20205638068
-0.838637350491
0.721742043797
2.18056200355
-2.01894411681
1.13992208704
-1.16643231055
0.642628586599
-0.619336316793
-1.13731753702
0.966637845605
0.855847554428
-0.514066902575
-0.76070233609
-1.02814820554
1.34723946669
0.791301102282
-0.825730739777
1.84166289455
-1.95292561679
-0.458390237611
-0.824497520698
-0.718490972945
0.525054947227
1.11008341032
0.82965750577
1.44573598505
-0.420199560474
-1.00709012064
0.808111022769
1.69084081647
-0.454144144576
0.66044530212
-0.979446706458
1.56129338183
-1.16921353613
0.590784831646
0.321491287139
0.827375903674
-1.52801604811
2.04384805263
1.16858267553
0.539165250248
-1.30712261041
1.29575671628
-1.18785931243
0.338214362396
-0.182726692588
0.907366146279
1.34824813678
-0.897963322635
0.517713058389
-0.411050963139
0.773228462546
0.568281487909
0.378205620382
0.270707276676
0.416423047859
0.802831218969
-0.587738484047
0.516553575134
-0.456456273952
-0.266224987032
0.312708747296
-0.862298613032
0.747589903783
0.295495911154
-0.213667415654
-0.63348843235
-0.525102895745
0.209178467302
-0.493728626785
-0.315491225848
-0.307835454499
0.567197247075
-0.324287890755
-0.147520472159
-0.183564009551
0.410278218916
0.332832872206
-0.378211279535
0.299790269048
-0.257353364774
-0.607972559157
-0.607351243392
0.156715648602
-0.348384448035
0.216059700865
-0.216468278891
0.336658590523
0.465277395206
-0.417100194294
0.149520728852
-0.305564084804
0.301981293955
-0.412735353835
-0.123371521661
-0.238228845114
-0.206475790602
0.514106164576
0.336846902882
-0.117296562988
-0.203878352232
0.349475405806
-0.395817976775
