-22.5389520942
16.8655883529
13.4419693566
13.8778413921
-13.555420049
-11.8598429095
7.82228812609
8.96349435336
7.30143821302
-6.29508963755
-3.68826346144
-2.60797184671
6.05452375463
2.27819337278
-2.79770535702
-1.65623340618
-3.35608606912
1.99971485157
4.98585130772
5.3381143935
2.66489341477
3.45749221857
-2.21940228532
-4.9120530753
2.61003088469
1.03385770994
-2.55120494105
-1.79107898066
3.32679394613
1.41292928209
0.951485209233
-5.79128659833
1.9303697234
-2.07417925495
-1.73401882682
1.25476604766
-2.15772993205
1.97209768632
-2.53810261815
-1.89720127764
0.574332836464
0.831125756861
-0.855524590204
1.92690682435
-1.48581291135
0.810355024
0.834006611345
1.51520586118
-2.50006153816
-1.92090000775
-0.794674127408
-2.11068619233
-1.27601797202
1.15707922279
1.52928794194
-0.670727474797
0.906107639259
1.34423575556
-1.25160398232
-2.09521065056
-0.754893723758
0.708150667892
-1.1411371138
1.06882090723
1.93375361686
5.39701897082
8.90527677576
3.4641162629
-2.46264985405
-4.02566000972
3.1134870915
4.87268689266
2.09645011708
-2.93871550422
-0.995495162212
0.486617008881
2.0252001026
-1.59192067823
1.05661376512
-0.717312321425
0.47436243484
-1.17847704205
1.24426017357
1.75373763867
-1.37813966899
0.657141204813
-2.26836628447
-1.31371627214
-1.98198902268
1.29252589457
-1.33196092338
-1.39288303035
-0.817991698243
1.26949030206
-0.593937991586
-1.28300769974
-3.32076624605
-1.00760775917
-0.732848984224
0.723111189474
-1.59205511617
-1.26194193496
0.898400317988
-0.891352335945
0.754217645666
0.474810427374
0.747964163302
0.621278250819
-1.36609135396
0.765831079558
-0.639358818382
-0.592619349923
0.649374655935
-0.794506036434
0.713092258793
-0.843599377836
-1.09618929746
-0.531513561382
0.725006995591
-0.366526103905
0.368678622932
-0.326904252008
-0.494693535846
-0.711720672134
0.503747954142
0.47603592675
-0.576422325468
-0.744605183177
0.515495547085
-0.692276756659
2.01925257145
-2.90048880051
1.0934267115
0.867152559124
1.18687973282
-0.825462532601
-1.47151124591
1.00172336843
0.772933138481
-0.572120767882
0.223269655258
-0.665262578146
-0.64537428273
0.473549733176
0.186304478119
0.147391307487
0.355202578035
-0.575229450878
0.535186440465
-0.375396739712
0.277365262688
0.8359551997
-0.602728100359
0.752526087275
-0.331105659004
-0.388164866735
0.350968066207
-0.317050611967
-0.388804713529
0.278253554849
-0.783994215887
0.960460519927
-0.332237486255
-0.227839302515
0.257495547573
-0.35905599177
0.512543514405
0.366277329866
0.345420788636
-0.268812375813
0.248033603769
-0.262289768918
-0.24682911862
-0.478749478967
-0.219523948246
-0.157867624643
-0.287897427457
-0.296618973091
0.234556579032
-0.194999311522
-0.298553448038
0.450085968673
0.186674415694
-0.272883274874
-0.161059184484
-0.109820530571
-0.0943333317567
-0.14716922044
0.23096293676
0.222114745854
-0.134345378789
-0.195844572339
0.268635137117
0.185523749187
-0.281185777868
