9.76933199632
9.32106630307
-6.5510831653
-6.56196159512
-4.14561608885
1.65021241402
1.4538972489
-2.32346214745
-2.57882804758
0.927929775538
-1.80617471858
-1.96001644469
-1.44897256845
2.84983559303
1.52774599045
-1.8693511473
-1.48940435364
2.35387869968
3.11295467967
-1.0176512954
-2.50483559763
-1.66206569232
1.16859334095
1.45500190995
2.23552543055
-1.79586226851
1.97248235747
2.12124449333
-1.36111403591
0.599864335715
-2.73523456636
2.62495052164
1.71863358784
-1.66685698662
-0.916337068027
-0.710583015693
0.513200347296
1.6789617453
1.14307207799
-2.23978556366
0.71788583372
-1.74983765549
1.29359319061
1.40187684834
-1.35749699221
0.940605257845
-0.507410995048
1.15197471849
1.35644687701
-1.39699008744
-1.40423898962
-1.13778924558
0.725912541017
0.878982114924
0.983862264533
0.676049562321
-1.06719981838
0.813434602048
-1.10879455886
0.821155663035
-1.44718562874
1.27864508467
0.855123934594
1.61786315174
-0.908609313035
5.88204276955
-4.35848076549
-2.57075954616
1.93013919943
-2.27032492144
1.48861448122
0.727221210624
-0.924657268214
0.781659009585
-1.05292571094
1.30847034337
-0.730617290208
0.855586785864
0.938061565542
-0.833566470782
-0.963693791866
0.614587284789
1.18061946855
-1.18313043676
-1.14989557541
-1.22161548319
0.536706380229
0.649543075612
-0.689983460833
0.936688315459
-0.691917935029
0.69652158644
-1.05256112034
0.768198013904
0.5069306449
-1.20697964516
1.72073704069
-1.24433441983
-0.617403236877
0.775244921915
1.15777662275
-0.307506247817
0.525118124144
-0.440284141856
-0.72137825035
0.543037151003
0.523088774855
0.962784535135
-0.704877574958
-0.603829084225
-0.385520721159
0.174725255248
1.13443906314
-1.07313387647
0.502485260875
-0.808804579135
0.857863553352
-0.239801627099
-0.392784977843
0.648470780908
0.447746835111
-0.818244029046
-0.493900426468
0.625627249188
0.359886134662
-0.954877036995
0.902338342946
0.381369608574
-0.675374665755
0.685588879145
-1.58093318499
1.15249502367
-0.820347037026
0.582285219132
1.862702759
-0.37346051926
0.324815328698
-0.412206324008
0.388460695068
0.43735827754
-0.166463393341
-0.480960156116
0.229453503343
-0.361852914924
0.3357349717
0.398389952923
-0.260470491534
0.389326353507
-0.445755795495
0.424087279088
0.362679615367
0.305723688719
-0.293880532339
-0.222043236528
-0.466188493393
0.345501484911
-0.236627637236
-0.321370659709
0.143153161074
-0.24812230957
0.368208041141
-0.55061441503
-0.284440472813
0.311457317403
-0.246770669447
-0.331661946255
0.191922595506
-0.2413505665
0.0943289757705
0.423078488981
-0.173120538729
0.230314762551
0.270579138526
-0.171395347352
0.228855300179
-0.17328341347
-0.152240056525
-0.327267063082
-0.255727151202
0.380281253662
0.251409086459
-0.257936215713
-0.152195267156
0.0736620038608
-0.342946916128
-0.222808739322
0.370700317244
-0.267598793401
0.231335944488
-0.194914969035
0.313590727292
-0.222870757036
-0.208419163112
-0.264186068582
-0.19084888941
