-23.4096961039
2.33975500586
10.6581116405
7.2471594226
-18.955584394
-8.55556026231
6.96677586448
7.20535879514
-9.85824302801
-6.52520807167
-3.37872416149
3.96793289384
4.00603238843
-4.60998862335
-4.6308690849
-3.55387448454
-4.16649866119
-2.67013170615
5.60211547294
5.95011656909
-3.3152039984
-2.88349240803
-1.99942678103
3.55133471875
5.50794191721
-2.58916110773
2.16901087772
-1.14996419087
3.34149026093
0.720178855093
1.52860151818
1.45202257811
1.96010662604
-4.11966158934
-3.40636070689
1.05505776891
1.91148734194
1.52633029251
-4.89358307232
1.6736334127
-1.54527426922
-1.76300801719
-1.94357183719
2.35914338442
2.66290083388
-1.29964267229
-0.934007135201
-1.34496262663
1.02787035876
1.55947326267
-1.89190202505
1.02247705336
-0.899540515388
-1.19278078463
0.853784474633
0.991407516399
0.826140199418
0.667889101064
-1.5486065894
-0.921544199366
-0.389829753719
1.11222636741
-0.735909211798
-1.27130597168
0.536427096574
9.59084894607
-3.02728249784
-2.93597959952
-2.29927651332
-3.71359309895
5.48949744948
-1.55138880605
-1.37519077886
-4.06954154776
0.879593460054
2.21690168809
0.731683905219
-0.784656961714
-2.00378033259
1.16421424376
-1.76961730336
1.7036860294
-0.49661078591
2.0064890376
-2.03166119576
-1.93169892954
1.16159807906
0.36309651135
2.50684206972
1.34257312477
-1.12755847206
-0.791248442823
0.717806379176
1.84016809422
0.463608613332
-0.992706950469
0.436382526781
-0.399345747296
-2.05195515673
1.53988007306
-0.938649652194
0.694950828352
-0.602166778771
1.36740815457
0.763423351269
-0.640490369315
0.699935939227
0.745702449396
1.38295360282
0.856620241515
1.08529077528
0.375616107263
0.464161532176
-1.02171749534
0.992044204802
1.09484182342
-0.452017501573
0.479442620872
-0.826623267095
0.852956679299
0.565030735643
0.74071575238
0.263803103705
-0.890704611508
-0.729341585148
0.332888857188
0.324570963058
-0.477884342545
0.732110786608
-0.35775950008
-2.18843163809
1.24924247796
-0.695779787035
0.798361780155
-0.824540298979
1.5403643123
0.518015071913
-1.06129198517
1.15675596348
-0.523642451182
-0.646222781913
0.293896621969
-0.363815538532
-0.71295247085
0.791998644086
0.459190424562
0.423151866254
0.625774955877
-0.530283089355
0.53320427507
0.451724762611
-0.319598631844
-0.279802456466
0.690504927313
-0.853345622513
0.434135664023
-0.303733442875
0.28059042876
-0.622456133035
0.250294800296
-0.302891931449
-0.196455212041
-0.522378272787
0.730701552019
-0.403017245931
0.261870477563
0.202163930214
-0.244671554566
0.574450523536
-0.244480906617
0.166551887069
-0.173609168945
0.432844851705
-0.572461169734
-0.370045990545
-0.248522848909
0.149815802609
0.187193765333
0.34817046701
-0.207306984409
-0.247098801923
-0.107106316993
-0.326516471992
-0.381718332677
-0.254539156539
-0.26979896995
-0.21541226984
0.0964835035638
0.254036935175
-0.246340379315
0.0901133354092
-0.115314907618
-0.150760753108
0.238640480239
0.139706678294
