-22.944251026
18.4924202386
4.3135503939
4.64060599007
4.8536236141
-13.8095168511
6.85622663406
5.41502819769
6.48964681665
-13.4823011984
-2.98720933414
3.79833194454
2.99598799051
3.84654042271
-3.76059161907
-3.09778916405
-4.27359942193
-2.81095507838
-3.94893187743
8.30105380577
5.98548422745
-3.78873310507
-1.18600140122
-2.11695737619
1.68201645216
-3.75065893329
-2.45326420763
-1.38881955326
-1.38787083494
3.04211677194
-1.55222942811
1.89387882876
1.44858747571
0.755205611943
-0.915942242843
1.41777562544
1.78373691268
1.66121632905
1.78210281928
-3.42413725857
1.77691811563
-2.35021567012
-1.35816600353
-2.02503017551
2.61347319698
1.7208937906
-1.03906239888
0.910634194103
-1.15770738486
-1.2441717637
1.17930376422
1.94206232144
1.42985710591
-2.07639356981
0.988869181527
-1.13747669623
1.75369783346
0.801146204753
1.17444812975
-1.15760677965
1.69812000777
-1.03109437154
1.44863314616
-1.80343132799
1.31948799776
9.35680161952
-4.96121501888
-2.06425804331
-3.21330509822
3.57615946104
5.98308464866
-1.25302899388
1.03890244957
-1.25922260641
-4.47079577604
1.60359173216
-2.61346696192
1.00637208837
-1.23739187236
-1.88705838662
-2.14721375418
1.16997889545
0.676664429311
-0.577645383065
3.10799801133
2.41563228106
1.35193525411
1.12454916713
1.29901219296
-1.3352025279
-2.08208404558
1.59674446596
-0.893096001507
0.745429159835
1.61989436682
0.98634634867
1.17280560124
-0.618843858559
0.61622200092
-0.695448644482
1.34982313907
-0.755021269734
0.595561140339
-0.669098644352
-0.629262779431
-0.805972376191
-0.81484351857
0.665334704953
-0.683741474311
2.02372901415
0.987233744753
-0.471617147951
-0.760298015933
0.786986981443
-0.742477260373
-0.714423873991
1.08321318566
-0.963689903291
0.892888460588
-0.428345127536
0.890821568324
0.685354285439
0.592535956579
-0.779673048596
-0.600819282418
-1.02762339005
0.397914079399
-0.800516952134
0.816463770378
-0.665923457936
2.58740435272
-1.99606899055
0.693133639891
-1.04990093069
-1.83617095112
1.75950749652
-1.13642207134
-0.379827486996
-1.09914973237
1.02223523814
-1.05426467352
0.691013719941
0.304085651724
-0.463642555466
0.597959053222
0.606699964282
0.735608503292
0.159967573468
0.79566489984
-0.876467307214
-0.982258388764
0.48122005815
-0.50217829444
-0.396211878049
1.02697766099
0.823133388565
-0.591041991403
0.198353029516
0.338061640617
-0.454674374454
0.414001090204
0.492313285831
0.356778537541
-0.301615770676
0.233200621634
-0.601651327071
0.361380698824
0.161523110009
-0.196449694327
0.28410714768
0.335710181494
-0.301642458665
-0.215798295009
0.565918106124
-0.687460429763
-0.245659744866
0.296597285352
-0.17392382442
-0.382366060454
0.256000077367
-0.296134503837
-0.511725772239
-0.301552537226
0.270231598403
-0.232398405078
0.30719415671
-0.39292664515
-0.26935891297
-0.255790505126
-0.291246006663
-0.370742591938
0.300637837522
-0.143527303323
0.319133120374
0.329407329177
