10.1237828803
7.5714284642
-6.52795090507
4.34497783998
-3.99869863652
-3.64775795609
4.32320968766
3.70783718994
5.42489265774
-7.69343068412
1.47311054686
2.07565852958
4.38874168611
2.29205750149
-5.42434228475
-2.82266506943
-1.45128766441
-1.3515063412
-3.10845384728
5.08348089807
-2.01967002057
-0.776196052011
-1.96522112161
-1.54873472095
3.00607534925
-2.43017191855
1.00440501917
-1.79009076739
-1.60286344022
3.54475443591
1.33964965604
2.0515131353
1.5212000835
1.29423335894
-4.22393035923
0.597955747189
3.57505223245
1.52430711939
0.307795915893
-2.36194274189
-1.46844425619
-0.865410819268
-0.362234668574
-1.90007021315
3.80172351381
1.31131451305
-1.35639367263
1.18761178679
-0.527455334892
-1.80749165871
1.11018016046
1.27923655735
-1.20466624356
0.777764248934
-1.01923646592
0.943599961837
1.26318602414
-0.944595208482
1.05546839463
-0.805020803426
0.686294978959
0.541421815067
-1.11444056109
-0.733576781124
0.963314116161
5.88359451042
-4.14113698628
3.0580751014
3.16906626163
-1.3153139297
4.21874596321
-2.41995966035
1.31943244985
-3.3860957288
-2.80656920151
2.14650616417
0.77473733441
1.01585742359
-3.09004998408
-1.57768042036
-3.02444413925
-0.662603103068
0.865436130993
-0.875648277629
2.11781927985
-1.28112588169
0.713089048699
-0.967457895065
2.1412224651
1.40078301078
-1.12380197225
0.820152551881
-0.518475897645
1.13566548516
1.39198489062
0.677455417309
-1.15516391034
-0.41006275733
0.58932065684
-1.91572025803
1.20358435575
1.4497984165
0.524496000446
-0.461733858552
-1.05960740274
-0.446018951563
0.490257836822
-0.455559558314
1.12965555279
1.49993263068
0.56012387668
1.04947346512
-0.462520418588
-0.777638733515
-1.08317366784
0.654250957065
-0.734159164657
-0.540391311046
-0.778085694091
-0.560045109354
0.338610937759
-0.825578700578
-0.283760565855
0.617543156197
-0.635757641182
-0.660899032637
-0.460161624706
-0.344663763242
0.818857562576
0.914435451204
-1.88822145754
1.37536311622
1.00362247421
-1.46108123822
0.836157192369
-0.818500964221
0.655450235301
-0.534398999583
-0.876773495131
0.702195415703
-0.529964605758
0.155157261822
-0.563565331324
-0.839595889911
0.616915720225
0.679145521155
-0.29110843436
-0.35263441567
0.693100356028
0.463255538179
0.405713856018
-0.29234119961
0.306867719586
0.478976573876
-0.603935131027
0.434743605794
-0.224872276957
0.214735916904
0.282027595833
-0.613629462764
-0.126635556628
-0.318495752668
0.234187623281
-0.458081088009
0.38771330959
-0.238096515941
-0.442181997267
-0.24655746475
-0.338493411859
-0.218827171743
0.174627502423
-0.133226503395
-0.199173771955
0.402979463763
-0.634854476509
-0.256328936248
-0.263400485389
-0.156139219276
-0.301044773412
0.265922353204
-0.365138228255
-0.304280644304
0.220502364432
-0.270068132252
0.273454515976
-0.0696945523565
0.205605837675
0.210206274618
-0.158637136839
0.133218409059
0.309279934056
-0.113004398772
0.0772391763975
0.213646906981
-0.320703169597
