10.3548898592
-2.92669672362
6.71788119708
6.12591260706
-15.1410028617
5.27909674577
4.7091076416
5.13818726573
-9.63835781988
-11.9562851548
4.38211177941
1.83446841407
4.81619935336
-4.49900407441
-3.9462814774
-3.91088213778
-4.09891832741
-2.79831194563
6.00727934551
7.96464391496
-2.82692858576
1.01406276613
1.30467422575
4.44488775818
-3.50975559687
-3.43188023607
0.784740284933
-1.50097461052
3.62486446774
-3.32226197947
2.37331926344
2.23299627219
-1.31777607348
2.35956577551
-2.05230361667
1.2739010819
1.3403011858
1.87145036352
-0.751895034264
-3.05627641572
1.48082948116
-1.06013649329
-0.746655271215
1.20099199673
-2.05264070574
1.45484406461
0.946039629108
-0.565304778004
1.49705676654
-3.03195948327
-1.10560428468
-0.649282749829
-1.20494841409
2.5923613349
1.50426453208
2.32427931937
1.39420502739
1.24873487744
-3.20120501201
-3.6333976294
-1.50537100984
1.63613401924
-1.04351436298
1.24294488963
2.27383875473
11.5015673813
-1.17699740808
2.36870372536
-3.15425582636
-2.54516357985
8.81041325915
-0.544975758678
0.547090400749
-2.93847159534
-1.25530282694
4.41970525913
1.41616450126
-1.6867656276
1.23044801155
-1.11942805204
-2.03157783572
0.918932828435
0.7447633179
2.13118977738
-1.10897097052
-2.9283017243
0.526298231106
-0.679109700466
-2.33817503702
1.75914342866
1.29124178285
-0.796565895484
0.812431367745
-1.41493249366
-1.29333216786
1.15120704463
-0.912987810921
-1.07751644301
1.1541029382
-0.768072301219
1.46122294303
0.355522849276
-0.650155450543
-0.583079900207
0.601121814254
-0.372038047135
-0.686753902269
0.513601454123
0.694485957693
-0.962653864368
0.56267603614
0.595095967804
-0.430438633986
-1.06679524275
0.997629700904
0.817292764799
0.616309446861
-0.682807909042
0.74866798694
-0.715476835642
1.13790280777
-0.391986519933
-0.467489205123
-1.13167135789
0.642187991397
-0.878255096593
-0.783318015219
-0.51054166413
0.600879709498
-0.8204322275
-2.79762201874
1.03340325794
-0.731153588776
1.29893208734
3.37667032473
-2.217961379
-0.154232025271
-0.193770292371
0.651602046392
2.15141054394
-1.11794283439
0.326612921652
-0.757805542162
0.579125870737
1.2671909467
0.376858998985
0.279604761534
-0.310310436646
0.524711785646
-0.505367010647
0.594427836655
-0.278201765837
0.300508265415
-0.840585570402
-0.8935868355
-0.265661901488
-0.218776068914
0.273373846741
-0.653718681477
0.572048361972
-0.2737499823
-0.312580054636
0.346626815494
-0.446491692159
0.240649922977
-0.45286410613
0.146619456991
-0.210793586209
-0.106770743227
0.390690471267
-0.239791436002
-0.174353023855
0.285204778481
-0.224135017535
0.365033842288
0.232758562881
-0.228480752618
0.192196306729
-0.224844626398
0.304065522108
0.236611468087
-0.255639427321
-0.277033476579
-0.332432695228
-0.270348039086
-0.239886632107
0.0968827614412
-0.151704380489
-0.350289842422
0.271175020493
0.247141202125
-0.240816096069
0.153343304371
-0.141187507086
-0.257511351966
