-20.3467197409
11.3068940629
2.53961910596
6.91139250214
6.94980008179
-14.5670484122
7.83241869842
6.882511345
7.20870642873
-15.9722843412
6.26290550034
6.1481378523
3.58651425627
6.67538004799
-8.17919105247
2.65113722921
-4.52659468932
-4.07322368011
-4.19805604871
8.47225559401
4.87548134508
-2.78049432454
-1.22453112374
-3.13226544835
5.05546925554
-4.76613591175
-2.59384404575
2.31069261122
-1.58198441095
3.89841943303
-2.61295118958
-3.35313791939
3.14182167676
-1.61633455791
-3.0356561119
-2.34858757916
-1.44144187623
1.85677564615
-2.35594068931
2.97740031199
2.63395686622
-1.34447998965
-1.88421700104
-1.71763098799
2.67365190771
2.27246139941
1.77923846008
-1.08798348645
-1.26392800662
-2.45972078967
1.08668634775
-1.36250150161
0.568720014251
-1.33866583225
1.78237038603
0.915943830503
1.5715284267
0.787502423344
1.71486205852
-4.41599348869
-1.87624358848
-1.85256423799
1.35477450121
-0.833850841785
-0.94964557957
-7.10608646849
-4.02985012341
-1.52006235954
-2.53717204415
2.02686505684
4.48519206432
-1.16390539402
-1.17115399162
-0.991975560577
-4.3183311431
2.84405593654
-1.67081868325
1.09094734613
-1.74703206174
-1.38831107056
-2.82205394037
-1.4727345294
0.891872224096
-1.22165900563
1.93876851187
-2.9597221317
1.10928572037
-0.883435893532
2.04441518501
2.45011111964
-2.26472861185
0.99297609333
-0.840875673158
0.77035127717
-1.65024010156
-1.16871039868
1.26222405005
-0.585990876041
-1.00670318711
1.88675118651
-1.38864242302
-0.744867370648
0.695285017996
-1.00348557351
1.27555344979
1.49584805909
-0.480346672526
0.886589273724
0.717958536642
-1.20321856727
1.03433726629
-0.770583052933
-0.716930551674
0.665299804032
-1.20742448989
-0.775014835809
0.778872483236
-0.544645583548
-0.339879584993
0.973218067628
0.68039620713
-0.591167772173
-0.571982150595
-1.4418784397
-1.49196367863
-1.04913828111
0.702231352375
0.432230464619
-0.29089776346
0.641330927843
1.73505641676
-1.49212517138
0.593164677502
-0.869118488906
-2.0064918149
1.67533544906
-0.92753567252
-0.463863410526
-0.522996519466
-0.958553998915
-0.844722339577
-1.12871865495
0.315671783984
-0.67196739745
0.624408789415
0.700963637086
0.32204562428
0.291985117417
0.494101522661
-1.23731886159
-0.801319244249
0.324936991385
0.338325366442
0.526829354323
-0.850428572358
0.823841989508
-0.215992667682
-0.234183723152
0.403659507732
-0.639676647003
0.235415014984
-0.413750757878
-0.309742988999
-0.207864444692
0.592086411007
0.444766447023
-0.338334841574
-0.213773845117
0.295361821938
-0.404854514992
-0.46683573253
0.055707861565
-0.194524214156
0.28009246609
-0.38417068815
-0.309348122622
0.203774521536
0.205863810927
-0.302907224493
0.541382940483
-0.177330227935
0.26013554865
-0.144540313461
0.28541107199
-0.392240584295
-0.247376334213
-0.235091364805
-0.110351700274
-0.44485375663
0.59894431966
-0.262948357779
0.324139028231
-0.215426732875
0.111173735101
-0.188706966645
