-18.3493980561
12.1701860464
8.77634193755
6.29686138831
9.97726950553
-15.6030897426
5.73572422828
4.53762580206
5.2383109882
5.85248223749
-5.95677543631
4.11604620656
0.857439111482
3.61059041744
-2.84478439431
2.93140737353
3.27683841717
-2.35093812997
2.9628263055
-3.62597314337
4.90807494729
-3.5228675318
-2.03461847972
-2.63202887252
-2.11553541011
-1.20880816948
-3.2390033435
1.44424335173
-2.09518197312
2.88624725661
-2.26300296229
-3.35770773917
2.47710920032
1.08601001714
0.67041219638
-1.69409182593
-2.69889278549
-0.557069480924
1.26338584815
1.16077834804
1.37959235823
1.30194961226
-1.64923744871
1.13346158645
-1.79858751454
1.93850498396
1.65547750397
-2.12579818367
1.45450237246
-1.01971481603
1.31831858469
-0.685068251386
0.798324116293
-1.19036172419
-1.02518972077
-1.95862028253
1.39305436418
1.26574190239
-1.2351923447
0.785072140016
1.45357751564
-1.39154702124
1.47333324977
-0.761163450745
-1.5035835662
-11.7888679951
6.76154965571
-3.25281875226
2.85068815917
-12.469466699
-9.53928882053
5.25619918912
-1.34765644477
1.28736824058
-9.2370623443
1.6799073724
2.38947082675
0.655521963513
1.1154025009
-1.93324250405
3.04230692001
-1.55683518578
1.21997090804
1.5034638529
3.04362998526
2.59497659297
-1.59161646114
1.21868707979
-1.12367867467
2.88266197111
-1.36461740809
1.05777499875
1.00780798667
-1.08190486799
-1.41741453158
-2.00040081881
1.23478089769
1.04239553354
-1.12698261928
0.477068695834
-1.58647183985
0.851891623989
-0.602696829112
0.847039283856
-0.617192466586
-1.10603047905
1.08160576639
0.636652738932
0.500281740745
1.12368817077
-1.18837333015
1.04685959016
-0.605767325165
1.32056246724
0.982118457042
0.839869193343
0.556728428719
0.617956830643
-0.559740672206
0.662037791441
-0.680401843942
0.724949930793
0.507837465611
-0.654408643689
-0.51294950568
0.550023247332
-1.22217871157
0.845618927115
-0.426272730787
1.03276342972
3.17552689341
-1.51888363332
0.652169438479
1.1255893659
-3.27984804751
2.43866343714
-1.09250917264
0.334895008574
0.447006825447
-2.43772512228
0.676002330877
-0.875715411905
0.252343231967
0.378164611125
-0.350906346614
-0.962964871781
0.493272120299
0.171186635186
-0.474288643791
0.945845812691
-0.709360716531
0.486917965894
0.282525591332
-0.517364970405
0.664621731781
0.347001352277
0.605598101711
-0.401618865725
0.388524366126
-0.585287480933
-0.719788076124
0.731477947938
-0.344892805275
0.288766537195
0.205699938784
-0.285996932633
0.593381664399
-0.137663365063
0.362434028242
-0.162265723758
-0.341385965466
-0.422882923298
0.166903200344
-0.158416185506
0.386130726161
-0.273721175108
-0.452245913038
0.481582448102
-0.390305655939
0.202707830165
-0.284242516393
0.191386674256
-0.0938936537272
-0.234027018682
0.305444615912
0.303706741746
-0.328933051007
-0.126491384082
0.182621192187
-0.156320375954
-0.360305644113
-0.343319853693
-0.201173215757
0.0828936537612
-0.363510361326
