11.7951345959
-6.61367499454
-6.29162167426
6.09490217718
-5.86487813827
4.57895214041
3.80838424152
2.14183139359
4.1951120614
-9.64258009173
2.12299603559
2.89001283843
3.12565108097
-3.64183468902
-4.10006855737
-2.05913407362
-3.79457566172
3.1348548635
-3.83811426789
5.7669593632
-3.1498052838
-1.81131648544
2.11056888951
-2.1340284331
3.31300075579
-2.19664101422
1.3632138762
-1.8509572027
1.12336637412
4.5710274794
1.93015065238
2.826841324
0.85755908817
1.48914728627
-5.15875337497
0.854954508898
1.61019929602
1.01528545369
1.06081739965
-2.86598013241
-1.0192256915
0.729597336336
0.985793724364
1.03814673069
-1.0675952961
-0.864906963697
1.49592016676
1.93619074988
1.14774639829
-2.06998304331
-0.922279637489
1.51589722351
1.65891172778
-0.778512303007
-1.52875886969
1.2124697517
1.22453929343
-0.804362498588
0.891310038725
-2.01810518196
-1.36458512457
-0.903685398648
-0.797859340917
-0.786928552156
2.22558183
7.68082775982
-4.3810120545
3.91465669086
-3.29632995267
-1.33922304847
6.43964111699
-1.04353016923
1.95407193583
1.04359585599
-2.88118376944
1.2713918836
1.57032356123
-1.22277931181
-1.70115219444
1.23998240538
-3.80179749635
1.81757015144
-1.17532871913
-0.899036869562
2.42545937822
-1.70766351082
1.2794251444
-1.11799108583
0.916417962445
1.72875028224
0.70148413159
0.753943305565
-0.460384089734
0.705692952165
1.50032651665
2.06863455406
-0.838217749303
0.439949693589
0.315794099051
-1.83293138611
2.42739924172
-0.858572241749
0.601124907408
-0.471053493593
-0.939395020535
0.785422463691
0.676289496718
-0.606613150814
0.689248569963
-0.623956545433
0.766756625592
0.542144375773
-0.514101263467
-0.725625368052
-1.13629908218
1.08494536785
0.434528183489
-0.612683901427
-0.4116813591
-0.478133926866
1.65728494902
-0.594630406561
0.608610274126
0.610304304072
-0.53954360955
-0.975094266456
-0.574003775433
-0.297059158851
0.366945990379
0.910993355108
-1.84922710434
1.11681156267
0.961112271549
-1.15287914063
1.29765351214
-1.822314164
-0.472083918431
0.700905817048
-0.730243229256
2.07577468153
-0.445627585833
-0.454009095095
0.256696743967
0.735283649957
0.421449030743
0.958224886361
0.55015194277
-0.335025781399
0.426451901721
-1.17161857359
0.596039123358
0.38798356064
-0.282437072667
-0.453919132942
-0.531069870528
0.360458119008
-0.328681929429
0.187718504461
0.216703243542
-0.591758833642
-0.486065298036
-0.347393937251
0.182345550643
-0.471319320036
0.561919828524
-0.602606773088
-0.357019350704
0.171396042538
0.29417773059
0.616460721185
0.254129918043
0.233560340237
-0.210886887133
0.219707499599
0.182028218173
0.25074435707
0.223037092051
-0.249960656833
-0.357752978554
0.386383284349
0.286984534588
-0.292610940182
0.230903330062
0.172940766011
0.191588632876
-0.398290652946
0.119650705642
0.233909276336
-0.202267925762
0.324254776313
0.3354120186
-0.242648396377
0.133086679545
0.117941683471
-0.356681903458
