-7.95264910141
6.18719806517
5.36088770494
3.89264284644
-10.0244158035
-1.11928996972
1.62670769863
4.02546018525
3.70887691451
-3.18310767425
4.91941771928
-2.34940676696
2.44232927037
3.69212325194
-5.05119809784
3.47276624561
3.2192578124
-4.54827340191
-4.27796439284
-2.36360926162
4.89950673655
4.28418014089
-3.78343360127
-4.30821322551
3.65743409434
-2.25296897853
2.41970733936
2.29656520285
1.4371432413
-2.31107047369
-4.142456803
-5.56145980995
1.88855815994
3.61592990465
2.74761782678
-0.969885341222
-1.09937940237
-0.960297531286
1.11752366701
1.0856146762
1.99579152772
2.4979399247
-1.90029619435
-1.35093981808
-2.04225615498
2.13343112001
-1.55070183669
-0.990379248791
0.635736127408
-0.783862828793
1.35241044907
1.21890059159
-1.12909564999
-0.376235863084
1.06727439371
-1.36956852905
-1.2406601112
0.462480320029
0.970334476991
1.00044148847
-0.400305432267
-2.24820942872
-1.28013057647
1.26388733778
1.85006727317
-2.49648777964
2.95205386153
-0.803285082887
-1.93507514236
-3.37272940791
5.79507784397
1.07085771273
0.595125935706
-0.483678836822
-2.00999793614
5.42902604882
0.895864083478
0.978932748474
-1.56059567549
-3.64242228838
-3.48083282908
-1.37434724062
-0.947533172336
0.957177565609
-1.32640825293
1.93710249282
-1.40014216718
-0.986880192057
0.747857880975
1.76307386466
-0.635285338213
1.35752160405
-0.710161989909
0.681127238309
-1.2364046535
-3.61495174947
1.41360893514
0.862873184305
0.6687388004
-1.27271541113
0.698411305671
-0.646746663196
0.458012501032
0.86025571338
0.413274092851
-0.639265212203
-1.30943107069
-0.722392449228
-0.31341390207
1.46832419064
0.928142615926
-0.639221239094
0.306259545138
-0.201196010338
-0.421363358687
0.40563116269
-0.528512039379
0.492973454949
0.292515199864
-0.938909626668
0.552413653912
-0.873981594116
-0.214631684455
-0.377527048863
-0.683247731063
-0.520280953265
-0.588544894737
0.415736824952
0.348393912583
-0.640250243576
1.37441803402
-0.822233991557
0.159861596754
-0.579574333814
1.57767359047
-1.37168188535
0.355770616107
-0.190876158473
-0.171543735637
-0.38157977483
-1.9256511298
0.465005576532
-0.23731929153
-0.468459893894
-0.992463864514
0.68315143422
-0.532102912947
0.298338499156
0.310288854164
0.956156421189
-0.701697487323
-0.490541581455
-0.204366341794
0.263926433414
-1.01735532734
0.277042328586
0.498201735566
0.216824020117
0.347822307054
0.310965651363
1.15105690568
0.576426026991
-0.297555737521
0.29278184863
0.537973346143
0.36343938194
0.232177961993
0.183062090848
0.32531196985
-0.309173479431
0.355506930771
-0.523048395393
0.366639982063
-0.139134786649
0.431481943104
-0.396670586201
0.210986720925
-0.0811284278215
0.10132826065
-0.182936012683
-0.233535800517
0.160455587665
-0.125617561096
0.0813233270036
-0.299763149261
-0.312225865184
0.378308967023
-0.171595874085
-0.124706849875
0.179177611068
-0.185154712337
0.241772960493
0.0989167906011
0.0795969982205
-0.194756439748
