-26.6555559821
15.1871942027
12.837806228
-5.6261838871
-8.51947607958
-11.5193960165
-2.73510030882
5.06606516245
4.52576734729
-13.5069070415
9.2772147637
-5.76960170393
-3.38977555937
3.51485655487
-8.52815597739
2.20807802417
2.9511443714
-5.0056588382
-4.55823819439
9.36096435053
1.91013040133
4.1237800752
-4.3318632846
-4.63190292262
5.69964174028
2.09723724629
-3.38283678117
0.876006383041
1.5652650692
-1.58482063714
-1.90342149103
-5.28220764394
2.02051828487
4.13915990952
2.58394370247
-1.6478468261
2.20732094426
-0.741479084471
-1.48464046987
1.63229730003
-0.578328041152
2.38290067278
-1.38456406791
-2.81350541811
3.41713820605
1.84040627826
-1.69691000673
-1.18669117976
1.43673634958
-2.05424562862
1.58969689807
0.790827532991
-1.11509362947
0.999411985332
-1.28991386809
-0.980976318745
-0.72876432322
0.897583623653
0.855284796307
2.20278398732
-1.20644071735
-1.10789368549
-0.611490214308
1.11800009571
0.978836964565
-8.34342307635
10.776999497
-2.13954013652
-2.51248488861
-12.9145465811
5.72698422349
1.26104339246
0.936061297274
-1.23165624891
-2.61769811938
5.98601734065
-3.26109086824
0.973913972241
0.761558582359
-4.74255255233
-3.76111936639
-2.14338596158
-1.02906741913
1.72832525642
-5.52855470634
-1.02399232001
-1.33607469675
-1.19921673554
0.94084909313
3.88805079539
0.855586511604
1.76562766039
-0.556460184754
0.689218202163
-1.28883193064
-1.02413801401
-1.99611926406
0.956467728629
0.62160572724
-2.17982007346
-0.983555361257
-1.16177446736
0.38424691748
-0.661544568115
0.771658488562
-1.3228230346
0.680916331997
-0.808654210938
-0.663840946171
1.42916814448
0.790530152257
0.574709186078
0.601013451619
0.529211554846
1.11200132287
0.685375270948
0.440950735924
-0.671532417636
-0.984350354457
0.577005611794
-0.385217485176
0.712216711568
0.521833807744
-0.555057011336
-0.887858118192
-0.446872182431
0.617485590832
0.418954797378
0.264938934464
-0.606871832154
4.09382656232
-2.51452239171
0.428906967726
-0.392644509649
-3.58317504238
-1.73393396595
0.346850390123
-0.302571753691
-0.535229583949
1.98436249991
-2.09872862564
0.629928654531
-0.301765982555
0.24898113841
1.63639458557
1.33062683679
-0.776355951615
0.570139186858
-0.493719534172
-1.82902877711
0.437063283608
-0.46381636693
-0.340149381439
-0.321455647089
-1.10477042178
-0.590150860731
0.817661147926
-0.191661672145
-0.271171312597
0.463086227378
-0.641323308736
0.655928574753
-0.465888453202
-0.209783359243
-0.676589169276
0.347920596278
-0.4076514077
0.238429236292
0.358300764169
-0.356296631897
0.391447916874
-0.243709071752
0.202344023189
0.344932385012
-0.516874586607
-0.214308716573
0.248447088791
0.203144127233
-0.312922872352
0.423844813759
-0.271546229671
-0.180272651897
0.215929746485
-0.192889055682
0.27089455825
0.276955218032
-0.243656123205
-0.228812633022
-0.197489281717
-0.437170667633
0.11989305517
-0.183217707523
-0.168725676862
-0.0913022749917
0.196754003601
