-13.3705477508
8.91172637013
4.23048210152
-3.12363927684
-1.06540836617
-1.24622585157
-1.98079416745
1.50007014332
1.98658289193
0.367516940888
3.64845596689
-3.66233901119
-2.43211089656
1.84995202298
1.62226588866
3.16636773
3.45956820143
-1.76871788938
-2.76099860554
-1.15393504232
5.60251404199
0.92999223148
2.1469801378
-2.63480772508
-4.2794558046
0.736952862381
0.428504981643
-1.29356252873
-0.731477724049
0.630100310858
-4.33616123615
-3.42479996467
-1.5255092662
1.73103220096
3.01547319257
-3.66503158033
-0.692406793646
1.55261459451
1.57075046568
-0.477868138648
1.45002258219
1.1141717985
-0.602463059389
-0.371199948609
-0.39668127153
1.75643307312
-1.58928529515
-1.2389465666
-0.646604483334
1.73848255003
-0.546366807405
0.803845090223
0.554636513128
-0.643898434648
0.320087144999
-0.899127868113
-1.07088192441
0.595484849082
1.13572168383
0.943454564118
-1.76838226023
-1.76694114868
1.08950859093
1.27420616169
1.15511403322
6.43759206857
-2.34062213431
-2.69690197613
-1.49662870652
-1.4185426386
-0.708111078394
1.04160046795
1.04726226073
-0.689863031343
-0.514527789549
-1.74639566724
-1.22218374479
1.21002456168
1.7353727162
-0.284975635849
1.12921615135
-1.09398047216
-1.11273566473
0.800930187553
0.830829465442
3.02539617716
0.41651316827
-0.863836356561
-1.43935133568
-0.82232403976
-0.913017210844
0.303960104351
-0.522200785238
0.352215081494
0.68076641263
-4.05440502418
0.631232860794
0.76260929739
0.537113021572
0.543484416777
-1.63953210732
0.857728190519
0.996721758542
-0.503052188587
-0.465449879455
0.70812717042
-0.531773277854
0.311584136224
0.229625280063
0.239601611647
-0.943070974798
-0.461631893154
0.330964334685
0.626984959414
0.804759341703
-0.393295348287
0.630759109342
-0.599267473888
0.371532580179
-0.162176838243
-0.270992230932
0.264662232293
0.669249037185
0.369176782746
-0.212932744055
-0.949289247844
0.623757215529
0.640207895272
-0.430884558863
0.221427036222
2.24182606202
-1.58861422486
0.467278908501
0.734989476628
-0.819457463086
-0.200141757915
0.437427886587
-0.201001471606
-0.244111503099
0.175084931222
-0.584394438535
0.505694524004
0.292228609283
-0.478978766935
0.217361828728
-0.235421358625
-0.55579915588
0.239610633757
0.331742455881
-0.161672445493
-1.18812936659
0.546146433894
-0.434901007717
-0.314945963432
0.466974278605
0.183517264207
-0.10103386408
0.218603966683
0.0921267060563
0.122008647756
1.1441250234
0.258424846994
-0.106437467948
0.115341999035
-0.193524163869
0.534306248548
-0.248826448575
-0.251711101726
-0.137753762113
0.184122757347
0.348124686618
-0.213803019048
0.126757679167
-0.118729042715
-0.142739651324
-0.329199181497
0.230081680574
0.0886475713743
0.150737635999
-0.325993907009
0.256013614407
-0.116615296089
-0.100350131382
0.159726910569
-0.0504542516581
-0.0546384675424
0.155206982465
-0.198723469063
-0.097516572818
-0.096312118646
0.237502450905
0.179710519146
-0.226037377394
0.153866310335
-0.0887673119052
