-24.1705772808
-17.5336124586
20.3230905111
15.5304151499
-8.52113915501
-12.2049948825
4.84721716302
6.78347933974
5.52366754679
-9.61015259234
4.66277558807
6.80849941818
-3.89912570853
2.43274169799
-7.79748530449
2.29834795626
2.49357930021
-3.11911604923
-3.02716462251
-3.84453248728
2.53001192024
1.72394131855
2.0072661156
-6.56549021666
5.67062798382
1.11535091784
-1.21740274453
-1.13047644562
3.34019788965
2.17188667275
1.87806249757
-1.94190586157
-4.92959261303
3.54720528475
3.12821029509
1.56920662358
-1.9156050782
-1.7815514149
-1.23070723814
1.88722384094
-1.32036326471
-1.73877815107
2.49429135604
-1.42829011691
3.50491515112
-0.526414168173
1.66423179537
1.55911366885
0.968229893618
-2.59402056432
-0.962162101088
1.38179057298
-0.940319056346
0.679698203657
1.4307419454
-0.928095211834
-1.23545986736
-1.46812163555
1.62375709512
0.982216149157
0.501065481649
-1.42532591739
-1.75173448624
1.63329262168
0.914794652553
-6.40189990013
7.03613171017
7.26491447391
-2.06045151022
-4.22210208761
2.76857772199
4.20333205962
1.89741432049
-0.740322037256
-3.05022986651
2.23837992483
-1.72263899536
-1.68997681821
1.19751462294
-2.32746614629
-1.55189650922
1.47647999088
-1.19411988901
0.70010517
-2.09809600098
-1.94864499398
0.910976628282
-0.853260513943
-1.31264456372
2.23336031596
0.927556085866
-1.06030750159
0.468811003156
1.05972157449
-0.89239576737
0.72339449612
-2.35383857248
-1.51417957155
1.1272951136
-1.30147165426
0.532443679698
-0.960304248282
0.670943117237
-0.582950665947
1.29681900973
-1.38323178894
1.1016198493
-1.16452654873
-0.526391311443
1.29595769196
0.561402167215
0.762811112602
-1.03470818026
0.510871784884
-1.46348586713
0.387702434111
-0.721364130584
0.496269812345
-0.468813145412
-0.834759947817
-0.403827560282
-0.331054850434
0.687820410273
-0.364516469494
-0.69557900746
0.256940131776
-0.489605764318
0.676333419746
-0.426720364428
-0.752761578742
3.02181112608
2.87383352962
-1.84321521885
-0.628984180377
1.06399925568
1.22110377118
-1.17271978014
0.663681635017
0.30430654552
0.965656240285
-0.657662364445
-0.758388799994
0.413280339624
0.487609335123
-0.804297779652
0.462642943055
-0.451537140657
-0.266896470433
-0.162800821133
1.01283454987
0.546480205412
-0.242609650839
-0.267866273472
0.363766618911
-0.555792839282
-0.367968916341
-0.435044745564
0.229250198241
-0.405286112607
0.248244900792
-0.507436889994
-0.703503390454
0.822186241635
-0.334198152108
0.401495784265
-0.290824634849
-0.321242913264
0.231266647444
0.172881320382
-0.371494135364
0.448524917523
0.227441247927
-0.551419423218
-0.172673422604
0.440084815287
-0.180658233406
-0.223375637348
-0.297903101756
0.218128516237
-0.359959022647
0.169363036541
-0.201223406251
0.209354191714
0.128204489103
-0.225777181216
0.278420159186
0.12453197173
0.177349661946
-0.237403319943
0.275027060076
0.113209514301
-0.199323675284
-0.275763446044
-0.199068182472
-0.220469840237
