-26.6950638057
-9.05474507527
10.057728924
7.89867161437
-7.62405851676
-14.3110938066
2.40764842583
4.65128157436
4.33922816065
2.00305046438
2.0984729959
2.72963861303
-2.35126160159
2.02230490136
1.24830434971
2.84982197072
3.38512472784
-3.74471064874
-3.36917171651
-2.55258777837
2.82099532014
4.49569055337
1.6892212589
-4.69535336517
-3.7483073537
-0.927684485314
-0.90184045507
1.70144031871
-1.55195985269
1.00037031641
-1.9617247294
-4.26282176738
-3.34828517291
1.67624147549
4.60952862191
1.00338416314
-2.59854425583
-1.84127379045
2.20355701077
0.985376217658
1.24960390144
1.23177653451
1.28072059685
-0.749820586124
-1.92939921507
-1.31686632107
1.29254095858
0.992014974799
-0.603155305054
0.761997860545
-0.571886026638
-1.06315370747
-1.07151582553
1.63979263335
1.06829882874
-1.35495936188
-2.02634359206
-1.63241189237
1.87113890897
1.8450399113
-0.498172567749
-1.21259562046
-0.726892016107
0.872373028269
1.18638616571
9.76537515777
5.20884089246
-2.69095750414
2.24022089288
-3.34776567068
4.8155606713
1.15452404422
-1.23734224374
-0.881680282743
-1.82724619887
4.82779641385
-1.5249526864
-1.16158296625
-0.645740780984
-0.863834225725
-1.67867688331
-1.59544006268
-1.13884553841
-0.926528391712
2.28826258523
-0.972456131434
1.29452564928
-0.830509450105
-0.85616537782
1.59227092874
-0.353159684718
0.523569459216
-0.800139598577
1.47370246615
-0.555385484193
-0.808540743313
-0.927644197763
0.925155752234
0.395336675599
-1.47888892383
-1.42293693658
-0.62944087272
0.608724822325
-1.31716366309
0.695968562047
-1.56772759133
-0.740964931524
-0.577145058713
-0.371871424809
-0.774479784109
1.11059015524
0.742710328931
-0.685445021624
0.358634818031
-0.391058840824
0.487020417617
0.309784243814
0.473665148581
0.626947927607
-0.522326474224
-0.873267489487
0.603987416212
0.450812092266
0.292214972489
-0.480827061867
-0.308396320154
0.724228236166
0.395616052928
-0.519078132079
-0.538990318464
3.69915564071
1.89198713392
-1.61683443485
0.872723315962
1.41790033267
1.41054022371
0.420532524256
0.520176765806
0.348476913001
-0.707234090602
-1.41400480273
-0.724678850531
0.540507095278
-0.371272643694
-0.75130446133
-0.423850045528
-0.590904545845
-0.396401522704
0.347025164768
0.975895630028
-0.318070088673
-0.470236680992
-0.148664499695
0.263512541913
0.626406307402
-0.176995555888
0.256562801472
-0.332483896698
0.381903619396
-0.326505315468
-0.295400980106
0.463199987499
0.186026000951
0.226429460724
-0.65350406552
0.411377963408
0.188198503592
-0.121825158106
-0.317024073283
0.387208441271
0.52263198448
-0.328693604159
-0.282001119922
-0.0968523777076
0.332679060659
-0.421366915455
-0.357038837639
0.161537985522
-0.105084337161
-0.187423414714
0.202265969991
0.150199881355
0.125474174558
-0.22902788869
-0.162385639889
-0.217036051756
-0.191457666629
0.190155715007
-0.180513978325
0.20645399798
-0.110088018426
0.192468034326
0.130726145311
0.168650290916
-0.231066207707
