-13.9381377979
8.37581510143
7.11217970699
7.17536652684
-10.0694681602
-3.720035241
3.74259552467
3.33402924425
1.49171325035
-7.59841564869
4.47034466015
-3.6791543093
1.61895455448
0.757421285708
-7.15295658809
3.31374514638
-3.15273651649
-2.78353635622
-1.94055886411
5.53627353212
4.34952714857
3.90076541769
-5.7561170904
-5.20566582284
4.29405602134
-1.56803246001
1.28616433504
-1.81479137654
2.13064747604
1.25948889566
-3.18742550311
-5.61875765172
1.86425396114
2.86206247251
4.04190427383
-1.68822358927
-2.0295440543
0.437796558237
-0.909564459504
1.57870801647
-0.869466742395
1.20006445528
-1.20362708426
0.823200633256
1.90163162503
1.515628518
1.9190024985
0.943634747718
1.0703674886
-1.32796316889
-0.458784627619
-1.01168305859
0.687044733344
1.24738264474
-0.632204710072
-1.66555332018
-2.0755035955
-0.759047593707
1.20647482675
1.77315909354
-0.257789109861
-1.63655507207
0.544183545271
-0.351613559263
1.0023954248
5.28672775206
4.14804575923
-1.17931933523
-1.72057062594
-4.31446498912
1.95438505583
1.2713963642
-1.02118877676
-0.573698069786
-4.20184414511
5.08980138732
-1.89525696403
0.89208190893
-0.544480470218
4.41322993242
-1.34982457319
-1.40275427876
-0.763899890708
1.00940895365
4.45918031284
0.55826270567
-0.844892938281
-1.25140733973
1.07295811529
1.92874449279
0.480626336513
0.668155056297
-1.08147831887
1.43627258062
-0.968137861639
-1.22803576339
1.14517033749
0.895476812369
0.792235558777
-1.55785411889
-1.18013402258
0.760212817098
-0.316763084994
0.499437380729
1.24413623799
-1.14620902819
-0.655431680639
0.555267497304
-0.489335659717
0.990755712739
1.0696312315
-0.918578264867
0.59560143922
0.444572190944
-0.711551984379
0.282881151346
-0.609733711341
0.612852577247
-0.495842369592
-0.286538932935
-0.620908663043
0.54160516599
0.463049037272
-0.360347110388
-0.608405912393
-0.467531067843
0.91487545639
-0.11763638597
0.285690022529
-0.542863458668
1.7194798185
-1.17669891155
0.433325881622
-0.648473590794
1.65743400877
1.24888395109
-0.534531710348
0.362384779258
0.208859805021
-0.991507426849
-1.3935764446
0.669326468808
-0.240687968282
0.12364700257
1.64116402965
-1.05784390038
-0.436355819598
0.477944053238
-0.436574094243
1.29901693404
-0.307894417731
-0.269633246014
0.52123895163
0.401385393649
-0.603820064176
0.174144104264
-0.272277783854
0.38548274625
-0.379645196894
-0.274840862654
-0.292538903498
0.531858793715
-0.270303726663
0.268667813301
-0.459336468221
0.279388550694
0.292677602233
-0.173196474945
0.361769702439
-0.258143919026
0.360311813874
-0.202550221538
0.215081159024
-0.227184066008
-0.357674238233
-0.461798176838
-0.414406374703
-0.218027510532
-0.289031043831
0.256530114575
-0.0886612776519
0.295611911731
-0.128531146107
-0.175251931324
0.156732892964
0.290628457258
0.162565291908
-0.0874071915323
0.137077900051
-0.290547674379
0.126149139802
0.322866651524
-0.22382596466
0.105086392161
-0.176587806042
