-14.6776684859
13.8246993205
8.65142664361
7.21346032132
-10.5856949738
1.62049930836
3.76564517282
4.68174941148
2.57245272907
-8.37506532253
5.53444841433
-4.56941551051
-1.91257766402
1.9316359555
-4.29388099476
2.37353037337
-2.94299146575
-2.98362548163
-2.34205712917
-2.56470528314
4.93509590716
3.13583960332
-2.60960989127
-5.41215331861
4.52812980412
0.942322318647
2.21762625663
-1.44296620264
1.89977974676
-2.15833353375
-2.25386014035
-5.33559402335
2.7545873754
3.77389495822
2.74398691463
-2.04548040992
-1.99357402385
1.05132089446
0.974663722896
2.93118520017
-1.00200608168
1.54477684136
-0.799450569217
-0.983636593897
1.53976944397
1.40291420845
-2.0432967302
-1.16098209292
1.75382482128
-1.07579495051
-0.879946112011
0.609178754946
0.906673199152
0.41242842214
1.34951422645
-1.57002723919
-1.77179283542
1.38166660279
1.58959399198
1.03996104687
-1.07956942691
-1.14913087869
0.869343832646
1.49598500045
1.19659758101
5.65790669588
6.99444524126
-1.79909470045
-2.45519160689
-3.57389143273
4.81357772277
1.71141203653
-1.06012684697
-1.53744646601
-1.95415507477
4.16164557154
-1.83172040153
1.10427894407
-0.844215011222
-2.55553610536
0.774007294397
-1.46447562108
0.481786065611
-1.61971743678
-1.59165292253
1.08464085394
-1.61521047652
-0.584448299046
1.72133773476
2.01878325398
0.659636398129
0.721643763968
-0.75506520991
-0.840306833026
-1.06283066082
-0.630195462151
-1.40214651493
1.07694003908
0.763692367696
-1.17046224887
-1.08841957181
1.22842481386
0.491294442702
0.592123215348
-1.03828242589
-0.7316444989
-0.721772576563
0.425650293834
-0.489541566437
0.879792471575
0.480226859478
-0.864273857767
0.622289685711
-1.01337810467
0.760025147601
0.707880007322
0.444920980713
-0.816716996125
0.150850585819
-0.949315834841
-0.416913444701
0.468316845147
0.61698396464
-0.686530573511
-0.501533571178
-0.376003836102
-0.250122879592
0.30020535447
-0.528446331529
-0.496819236977
2.04612094533
-1.71539218966
0.465752725958
-0.95454098118
1.00346279723
-1.46218740603
-0.305647070355
0.38555984633
0.567516756261
1.73798434755
-1.37676725431
0.618453096371
-0.260446920154
-0.364117757108
1.67929541922
-0.197341731906
-0.503378686345
0.400681150227
-0.679100319172
0.796111996143
-0.560444324279
-0.469345417482
0.129989788581
-0.453880156912
-0.719924665232
-0.218350174481
-0.344216138523
0.248004277538
-0.418386003356
0.295944197505
-0.401186074286
0.565491824542
-0.28424371482
-0.26373615111
-0.302796070871
0.287673777988
0.371713097534
-0.215154317779
0.21386349068
-0.4385998205
0.286155859776
-0.348286270029
0.251062598211
-0.174116985885
-0.402859242619
-0.329659235168
-0.239931315571
-0.203195515959
-0.314875802064
0.409644167366
-0.370053284016
-0.160398975074
0.246147957501
-0.0456970428978
0.484583228707
0.170764351435
0.170885869983
-0.179523983623
-0.219481257073
-0.155219084589
0.145362597631
0.109830467849
-0.0946221259883
0.126812664007
-0.243854563555
