-25.9553633245
15.0392071879
16.3776311205
11.429648664
-11.3517792034
-14.5223217471
4.13369738094
6.12098851168
7.96983520009
-8.5390706377
5.75243626659
4.60011639433
-2.15167277573
3.43216650051
-5.05036374976
2.33311595728
4.19561005319
-3.7210505085
-5.40566704791
7.38764079052
1.99831491939
3.19710617447
-3.7858565543
-4.13603893699
2.11332277384
2.04831393216
-3.03400162751
-1.56250339006
3.34096435737
-1.08608437961
-1.59862819073
-5.85606462751
-2.98987565768
2.33988098454
-2.08663026581
1.26264082689
1.43933791891
-2.22026377568
0.952909751596
1.34828848544
0.429919261838
1.49274511982
-0.996876500798
-2.16716930999
2.11553332334
1.99051434364
1.56466467521
-1.28192707376
-1.05514346267
-2.16897431292
1.47334837271
-1.06381250904
-1.38649936321
1.33215896758
-1.44741578523
-0.889803398074
-1.62452858633
0.794148638616
1.65287305179
-0.748716179348
-0.66311403123
1.34213319347
-0.633563518799
0.7004836737
1.6825757799
6.48196330176
8.04091455862
-2.93678029195
-4.43094605954
-3.34185986208
3.76306357272
2.06751870637
1.82178726965
-1.97714577635
-2.52134743225
2.72433096349
-2.34998277366
1.38559257847
1.08800483509
-2.4582487085
-2.34441480363
-2.26452586169
-1.88577061839
0.862309346094
2.74955404605
-1.10028980388
-0.834055206104
-1.24141599726
0.692624830094
1.22529474786
-1.14988537681
-1.31722503419
1.03786907675
1.30512857895
-0.605020690582
-0.850299023351
1.43309448491
1.2544172513
-0.527662811786
1.60050969176
-0.627945757819
-0.865956471535
-1.19998575735
-0.615724054163
-0.800445383229
-0.794923393524
-0.695503151028
-0.532202395839
0.704305373848
0.708502672488
0.515692761439
-0.69092192637
-0.434598650153
0.406834228279
-1.00640730781
0.438276937993
0.537124521131
-0.43212453096
0.587174400633
0.740934541317
0.567156954967
-1.194894482
0.741179295905
-0.799013804816
0.407822057992
-0.618005770803
-0.708114410981
0.41792199568
-0.384515235313
0.93602380695
2.80440303259
2.07148605203
-1.32607796333
-1.5763521045
1.51539053955
-1.14916763558
0.708956795792
0.728696310941
-0.919419535349
-0.651472868421
0.882505714794
0.694338788115
-0.372140852678
0.452998808241
0.725780800072
0.901301959719
-0.659872477089
0.587988670647
0.340565588591
-0.950717725983
0.265771618256
-0.401825136038
0.293738445918
0.32412121931
-0.487631694071
0.537976790659
-0.542927240588
-0.469024843685
-0.443425048178
0.217790402888
0.323191530227
0.576606535992
-0.249499113683
-0.354081990651
0.524965089701
-0.183423393326
-0.499481558177
0.507766315827
0.241585904566
-0.247229924189
0.244980024895
-0.240628162183
0.258072606219
0.246994848237
-0.235130293063
-0.301653671952
0.257539313604
0.174921208817
-0.192741406142
0.378257384872
-0.21801936223
0.181412136165
-0.224124668811
-0.241410746811
0.29036906324
-0.221476557751
-0.424450810524
-0.27693269047
0.208375437831
-0.210698009685
-0.231523357143
-0.290671699889
-0.16579989593
0.239199936491
-0.327170925623
