-14.5227623214
18.358296484
8.13866787751
-8.01444287547
-16.2576424338
-2.22928269701
6.6662203319
7.2617476162
6.92421029766
-12.867962895
9.21509104118
-6.8370359501
4.31794053639
5.38605802392
-8.02299251887
4.86904290211
-5.35517440334
-7.65097035913
-7.92354064352
9.97550831056
3.38346742019
2.48604338068
-3.84128506801
-2.9083219517
4.53587469903
-2.96494382928
-2.23186745945
2.71320455205
3.19150227301
-2.26361604346
-3.22329030932
-3.17637684998
2.24356011614
3.62195431381
2.20970676075
-1.47399815359
-1.55655585471
-1.18650708993
2.16859275315
2.23847649036
1.4934879791
-1.88483358681
-1.40461195086
-2.27274151215
3.015067729
2.16650013493
-0.814626958935
-0.490216761887
-1.64323477248
-3.2694170281
2.33297934127
-1.3531402964
-1.65934522732
-1.03931100496
-1.83424153303
0.946299581201
1.13373893964
1.18176079365
-1.63787722558
-1.71450631162
1.71774156771
-1.25554201839
-1.52015574723
1.12317177297
-0.462252638488
6.922924188
4.74018268219
-1.12883500672
3.14404584127
-3.96549977405
5.79954178433
1.42419220668
0.28438524206
-3.03493276343
-3.7867321252
5.2004938358
-1.86423240315
0.993722095448
-2.92194416811
-2.21257473171
1.55826720239
-1.8552390787
-1.13937010041
3.30514187829
3.79569016293
-1.53000455799
-1.33908160618
-0.745470554225
2.19666237776
-1.36340872533
-1.33154773448
1.02986103575
1.21413240363
-1.48731642814
0.882402013675
-2.12879716496
0.919488632281
0.817760454202
-1.08190217092
-0.925901279741
-0.922476155498
0.624361266552
-0.678685159916
0.925843742361
-0.770039003786
0.633550583202
-0.694051232166
-0.482491889679
1.33796447859
-0.955961516549
0.844613056717
-0.631711089074
0.202559438737
-1.33063462368
1.72891047877
0.703015446638
-0.533235236494
0.565666140176
-0.81834830879
0.931065531422
0.778557046956
0.466507806935
0.415246028025
0.833836229279
-0.741976672626
-0.786663554654
-0.582257544806
0.467007641335
-0.609305627645
-0.317435796883
1.98046376561
-1.73428322945
-0.269364071852
1.51943707108
-1.64128235329
-1.62872451524
0.43763621723
-0.239117376394
-0.740324080895
1.10315713131
-1.39260297304
0.837140873543
-0.3874470594
-0.867902791647
0.745047446061
0.546105121779
-0.484748615439
-0.473560610323
0.859134623024
-1.19842029423
-0.542918312063
0.386476667063
0.264687126744
-0.725154622744
-0.798171894469
0.602443682077
0.364360329039
0.515121344174
0.499754895427
-0.36615168464
0.631456628104
0.295852672087
0.285468290723
-0.415238373743
-0.507787909555
0.418267922153
0.210178596108
-0.262794836957
0.271090527618
-0.497147702535
-0.171408988606
0.236147225914
-0.184575541255
0.443078091648
-0.405418650738
-0.204066381824
0.137311525172
-0.0811360916387
-0.353257973496
0.632528546058
-0.306995634081
0.211279355874
0.236531352312
0.266973327798
0.329642605466
-0.280625353963
-0.21610625659
-0.230342550657
-0.35332440033
-0.32510108454
-0.251627580295
0.207555638917
-0.143491838902
-0.268694834234
0.185442244032
