-11.6726139318
6.15418688022
2.43822356978
-2.57528189442
-9.48807366661
-4.71165730026
3.61951004598
3.59896290001
3.68330040577
-9.44988506463
2.86434358965
3.47946357276
5.20333091031
2.17577164958
-7.96410817922
5.62615446863
-3.75128914391
-3.62056817585
-4.53069792032
9.4393322934
3.67590215518
-3.19622772846
-3.90098022295
-2.47670396928
3.9817097401
-2.53377670845
2.81583534242
-2.09357107492
3.12310585988
-2.82454538147
-4.68296107454
-2.34940219948
1.98560707345
3.36889936677
-2.09092741932
-1.61735943109
-1.72632391941
1.13090658355
-1.08740288346
1.84803559251
1.28454773915
-1.47460263501
-1.30337932058
-2.26498797834
2.1835730859
1.67592417869
-0.617746895899
0.540434986714
0.743938139136
-1.95420043909
-1.20807240612
-1.54114647144
0.908523332111
1.52589611315
0.924974394728
-0.417961481062
0.536944055385
1.21281149631
-1.28231210077
-1.86597000685
-1.71608553344
-1.37517707088
-0.900755358857
1.23838734604
2.4309549266
5.81786669703
-1.52765148404
0.850282572572
-1.80965046718
3.53114843858
6.21469972463
0.421861503199
0.306023473705
-0.55849403348
-4.17852528722
8.08032809264
1.09290779568
-0.978189619129
0.914236055902
-3.5175035482
-2.95980019283
-0.82427848136
-0.746962832363
1.06260356368
5.60363385848
-0.903643047505
-1.15432488669
0.550041971981
1.24983784137
1.55910441703
0.875128453638
-1.08036012518
0.601701355021
1.22787388103
-1.13009050549
-2.00238252813
1.25184769964
0.646648209818
-0.995467704455
-1.48150811099
0.965170933398
0.561473740436
-0.235593598211
-0.769536903661
-0.875772814662
-1.78935911819
-0.789030055604
-0.385529209391
0.580816357988
0.797061771448
1.19740542453
-0.25092365108
0.351461253177
0.342862056317
-1.03022467372
-0.721406690578
-0.711818755403
0.437209832246
0.272072488989
-0.586899985787
-0.35450471909
-0.311734550101
0.34423146202
-0.904218596179
1.00359383974
-0.890215293522
0.299121546884
0.249992361214
0.661422859788
0.805342411525
2.73918332464
-0.389787439606
0.431035278474
-0.587126713498
1.35402502202
-1.42737920797
-0.164997255424
-0.0677445277509
-0.309604393221
-0.739325139671
-2.0432138861
0.414360174585
-0.426391784367
0.347713890166
-0.812012627116
0.496796600299
0.394851304912
-0.225596076854
0.384252938936
1.08685852545
-0.333846837856
0.191722072752
0.178186011073
-0.333848962323
-0.524137835485
0.3984889838
-0.462101196126
0.328345111843
-0.405456493294
0.491222721082
0.645053375667
-0.346917766536
0.170318461455
-0.401123726242
0.420508892932
0.394801959924
0.263458926726
-0.16128822745
0.259500479268
-0.316540546617
0.342064051849
0.270523755411
-0.128646316466
0.236932205271
0.194039503443
-0.394753069205
0.119638334803
0.118713629144
-0.0459214186519
0.336553001742
0.284055273885
0.291020142079
-0.135578003248
-0.12112239497
-0.178104792901
0.176985836246
0.124488536129
0.163068986652
0.30296403914
0.442987999503
-0.275568907445
-0.0692254035494
0.104202151304
0.187066210866
-0.329675626849
