-19.0188719912
10.5447420323
7.17989168734
-8.70854647707
-10.7342505929
-9.49915373382
3.78401624093
4.30897914873
4.31072567916
-13.9707993355
8.60823590172
-4.13759776865
2.82358500802
3.47365579414
-11.3540538182
4.01483025814
-3.70431776578
-5.28450280289
-5.54561841137
9.82670387307
-2.20988440813
4.29137189216
-4.92693265453
-2.8023335149
5.7100866846
-2.78444870236
2.38675303408
1.84130899594
3.68548928081
-3.79328707244
-1.62402645908
-5.23544252414
1.7228846096
2.66604791666
2.90429625987
-0.821274755708
0.724855037005
1.04392447024
-1.2935571104
1.97765382985
0.934272836444
2.45115461176
-0.98416359907
-2.28678460619
3.39917297442
1.55439882759
1.71825713855
-1.15235719459
0.856419489836
-1.74504744288
2.43908913716
-1.64059135874
-2.40337746811
0.702584320538
0.861377274842
0.47598321526
0.734342959326
1.59640253004
1.44699841222
1.58465648547
0.770182856427
-1.81224780665
-1.03918339054
1.20475593814
-1.33501322507
3.90043547141
4.7682844388
-1.47108538688
-2.7589176948
-7.55265022269
5.01496001322
0.945521870405
0.26982409536
-1.26800923169
-3.91077035296
7.95500052626
-2.57370007395
1.10926315401
-1.41005539869
6.97960263716
-1.39010905367
-1.16765588296
-0.760797922161
0.815340279034
4.11164561614
-2.80218740016
1.42869028172
-0.964172178761
-0.884763042635
3.12140768831
-0.798825891031
1.00192137305
0.7719412638
-1.14606290673
-1.80055077626
-2.48175809238
-1.80570803253
0.838663793453
0.57240392391
-2.52943066975
-0.423288987539
0.539926036794
-0.512405779911
0.911899860955
1.39792106242
1.37907422572
-1.30790906185
0.573061101297
0.83628936044
-1.16743782697
0.734947347408
-0.774805762688
0.672890151043
0.539775559064
-1.18924823365
-1.13140132184
-0.728506159732
0.668168313419
0.234687402793
0.538027424969
0.403356344555
0.610982228196
0.670039817511
-0.765115262587
1.44252156398
0.727178662047
-0.808004175533
0.455861765954
-0.353488531084
0.677741387557
2.12621394531
-1.23642661504
0.471998294675
1.52007125882
-1.75666593768
-1.18314178569
-0.178107311269
-0.107250139317
-0.187837374771
1.64041974962
-2.09723933155
0.827597257009
-0.305655712341
-1.28643579518
1.85051162962
0.504978917091
-0.319766507711
-0.262720845055
0.372826679516
-1.17448065125
0.624411480112
-0.628883906822
0.271095410644
0.772148980423
-0.887544378486
0.235910756782
-0.338180704477
0.308571038226
-0.327804100047
0.711891997532
-0.473861691187
0.786087933996
0.169151311368
-0.750698176303
0.990498485993
0.200428356357
-0.210783969371
-0.225854995737
0.402392364777
-0.409014642435
0.249254916481
-0.460934666091
-0.226046184893
0.340607659726
-0.339607173997
-0.278175453607
0.124430659515
0.147587822062
-0.367687912503
0.256609436751
-0.268594689132
0.239938146828
0.188260461232
-0.0851946091251
0.143986815175
-0.0889888193362
-0.279540841352
-0.288507280142
0.393775223115
-0.580442479874
-0.225606411568
0.222230400465
0.186933265453
-0.1167151095
0.279031364667
