-18.0240960599
13.5168579091
16.7931014556
10.9679426074
-5.29995102516
-12.0538427901
-5.21758143853
8.29621820773
8.24668949443
-9.977848977
-2.37783594848
7.30559168354
-4.34496561351
3.70579889865
-11.4457428518
2.10900429725
3.95867021655
-5.35294497684
-6.28028487878
7.29548667754
2.95084506439
4.11348386297
-5.01160637633
-5.76102203425
5.76794249484
2.17555083228
-2.70985953393
2.20622002548
2.70629146985
-4.40464160129
3.04538416621
-5.08554041261
-5.06955623958
2.5508275712
2.51863130402
2.84663166025
-1.8574555587
-1.23128519509
-2.04239916286
2.38551672821
1.76918683277
1.81052631094
-2.11393987607
-2.24410499464
2.71408935187
1.30845925705
1.63355990847
-1.21676244608
0.722001054198
-1.52182920249
-1.01730450755
2.11649885465
-1.36954854474
1.15956433489
1.70215085247
-1.30967261691
1.03341984328
0.619978630379
1.29485098758
1.82598562818
1.61159727102
-1.74150640578
-2.39912661472
0.955535528641
0.853425032021
-4.70101258119
4.6486765797
1.63812177329
-2.60454060574
3.21143331577
3.21575163435
5.12913902938
1.06351817511
-0.706548592152
-3.15098256641
2.99897797329
2.89588559308
1.30009118727
1.50639919265
-5.02779913092
1.52624131808
0.924832959651
-1.56573599698
1.07330534977
3.16433598243
0.827968171291
1.59481570753
-1.26759683686
0.976874601891
2.42387396462
-1.04118794342
-1.8290482321
1.22805410261
0.826412748478
-2.28789163403
0.8103858673
-1.60169713019
0.913307643965
0.444651396271
-2.07443378471
0.853186054314
-1.2236743192
0.37261808017
-0.732492016126
1.12693382284
0.950921112718
1.27646840975
-0.722846947136
-0.892838819181
1.11149242633
-0.792703927442
0.71364590056
-0.392672676295
0.397761991314
-1.00696071066
1.16517068329
-1.1503141419
0.36379261332
0.67220468404
-0.867923373139
-0.48908555927
0.894908933085
0.625147876255
-0.500494515684
-1.10270900232
-0.769286046271
-0.784530860674
0.479902449291
0.36395843909
0.34066040405
1.65827036773
1.17514159248
-1.26787067195
-0.859992660675
-1.27747975001
1.31774201692
-1.29103112179
-0.209206410965
-0.201380934167
0.8157296101
0.945425426895
-0.876102130571
0.64549891791
0.641502934573
1.77247150746
0.389583495239
-0.437515397765
-0.36520497137
0.406286334219
-1.04022639252
-0.380332354519
0.557556663063
-0.292559577197
-0.25272624548
-1.15739027324
-0.452396414213
-0.745406558858
-0.392814677294
-0.431451670395
0.897107899665
-0.333212300994
-0.437687318626
-0.248282276547
-0.158786643532
0.758565765411
-0.41914610717
-0.220290129817
-0.119354544288
-0.21231504868
0.355328328885
0.414755279229
0.430406631553
0.255869747312
0.418159832432
-0.497932488856
0.326328349618
-0.21026945042
0.147141823309
-0.165343911976
-0.34329105378
0.401298892599
-0.282251070246
0.151297357645
0.233278780557
0.372930798389
0.141884599284
-0.32274388187
0.177673751554
0.189624829457
-0.348842310782
-0.270787676287
0.228784769968
-0.15486689035
-0.152428796778
0.138880188833
