-10.586463193
7.66805882886
7.47620152493
3.7880900344
-7.66755846496
-2.39701836263
2.96283398673
3.89736410696
4.101108289
-10.9448060674
7.18303830591
-3.37540472286
3.53763290545
3.32612638495
-11.5816323415
4.43415179568
-3.93061743964
-3.95675442701
-5.62188273443
7.42925252083
1.48825402674
4.85033493373
-4.821023145
-4.78945067369
5.81832405491
-2.80117651229
2.63085545472
1.94375815996
3.52459973206
-3.25107381159
-1.48253345464
-5.92137108053
1.51623961161
2.68836287228
2.909141623
-1.16379546034
0.845737418927
0.971782520069
-1.93875429157
2.89937094333
1.40031578209
1.96361577353
-1.11824261934
-2.06302873871
-1.78543169734
1.68412890889
-1.27488207421
-0.776426976722
1.18699088483
-2.09162766906
2.45258539032
-1.55241240326
-1.53255090898
0.876214977883
1.39137523002
-0.51320213143
-1.67164935971
-0.624621519998
0.954875254158
1.94615267044
-0.780853084104
-2.01205130689
-0.281392096881
1.22855475122
2.11895049107
-4.13674959985
4.94736187382
-1.0451924504
-1.3502578615
-2.77851443388
4.73454236583
0.800123056714
0.209067352253
-0.774252940676
-3.98331351736
8.70460506073
-2.58917934353
1.42559945763
-1.12836093901
-4.22722118506
-1.72266062179
-1.55611362147
0.489675923766
1.48659358615
2.68859521075
-1.5376252995
1.84269818732
-1.15127967054
0.768113365508
3.04864154255
-0.804798011188
1.17850740664
-0.845847867884
0.960194710017
-2.35871488599
-1.51450066691
-1.93802702978
0.889071380492
0.542253041036
-1.4298035664
-0.897702444974
-0.717233818699
0.542447417667
-0.947710350967
1.46709934913
-0.929774528053
-0.846526882694
0.64317943633
-0.76399829331
1.19261478682
1.00070242087
-0.485158162664
-0.199765178031
0.388153731845
-1.47582100794
-0.844713595959
-0.661477302348
0.360990078909
-0.788624979112
-1.02667447479
-0.292656745282
-0.853764199615
0.442185181725
-0.862298559396
0.860532820327
-0.521059718623
-0.852766729186
0.146897377638
0.514689034619
-0.902227681984
1.33133381907
-1.2696866345
0.216205269181
-0.364461725716
1.11744338932
-1.38089126271
-0.192278224043
-0.178525662336
-0.284420467315
-0.816986242201
-2.41781717585
0.770108134848
-0.28816273168
-0.385592404487
-1.27001775402
0.526527664629
0.353502090762
0.267369020308
0.534416793312
0.588610042519
0.433753231624
-0.71619138483
0.312463097678
0.293726038192
-0.828892121607
-0.369820443846
-0.411972924147
-0.314505231043
-0.329530680985
0.758299662546
-0.623074823348
0.704601259164
-0.261806048452
-0.236756428085
0.613222927138
0.292792163974
-0.330900097526
0.157553754572
-0.229627715483
-0.508092151767
0.408335005559
-0.31642301437
0.216160455422
-0.234759698099
0.400456143022
-0.219637452183
0.234424188587
-0.114021114148
-0.107906407086
0.426828811985
-0.222169551387
0.247315135095
0.167852144724
-0.338373759748
0.416029644809
-0.180199173892
0.311307055662
-0.119793656052
-0.288698007755
-0.383704115855
-0.211117984902
0.327528508909
-0.127483969755
-0.260496621428
-0.327888117352
