-23.1585818797
-9.61031041771
6.08492964757
5.43243017912
5.04855709968
-14.6339518615
3.39371809717
5.50887174663
5.14967063018
-10.9263647985
5.90551222155
4.77614622912
3.52484955765
3.31341762149
-9.73848580094
3.44546847019
3.76107167005
-5.34938339304
-5.68605952538
8.09998784027
2.20162440785
3.10123620287
-4.61721098885
-4.82218791059
5.89767606657
1.35922936053
-3.39927043271
2.7106032582
2.40118653056
-2.75521053574
3.17069211448
-5.25154131783
-2.64347627997
3.47997996212
3.48797456231
0.82646326986
1.59141695131
1.43030598406
-2.33544869531
-2.62934757558
-1.7474277176
1.78631744189
-1.68660491624
-2.34841040312
2.71249762528
1.83349025477
-2.37474050759
-1.95012996095
3.07421268538
3.08280890667
2.51785697313
-2.2975267573
-1.57322037867
-0.923921403427
2.32804628912
-1.6254530355
2.01730382674
0.782839524247
-1.55690370585
-2.23365856406
1.00249097273
-1.70785939237
-1.14731144318
1.13907356777
-0.996728637222
6.80669980355
4.09839791361
-1.09345449905
-1.01012667695
-2.6730180209
5.63020659773
1.14513123503
0.796713788139
-0.736085836303
-3.19025307019
5.87092902851
-1.69368487705
0.975113246813
-1.02364255936
-4.36122026776
2.1115751196
-1.84896568714
-1.31899402362
1.25997517292
2.88674071965
-1.47476152718
-1.59742865063
-1.4938314214
1.18793094431
3.50319584728
-1.14573726926
-1.60150776387
1.78505078082
0.815817985952
-1.57083826825
-1.82511475866
-1.96554301197
1.67369128141
1.3011606066
-1.2550497939
-0.736069122579
0.733731192974
-0.833392504546
-0.586817420258
1.45398556827
-1.46095214817
-0.86230890378
-1.37278626026
-0.908542194054
1.24480350276
1.03035371194
-1.08259923967
0.573594292812
0.868720805046
-1.56874097801
-0.585637765628
-0.911953113718
0.736420920178
-0.507569647697
0.792653264036
-0.732579953009
-1.24138983537
0.375088414977
-0.813511303892
1.24179123398
0.856685328021
-0.870114742112
0.398089943021
-0.29157465776
0.711318213123
3.63453208563
1.64898871572
0.294746734268
-0.519443063908
-1.15621532434
-1.47528942265
0.488524486319
-0.251550356496
-0.225895427337
0.677770345186
-1.35787234889
0.627560274534
-0.385726573623
0.256167798779
-1.29097380133
0.651444595115
-0.535858682368
0.500360260872
0.514340955375
-0.990637265441
0.671255902254
-0.439949725306
0.301535791434
-0.4983446728
-1.28279481238
-0.4187457633
-0.671550000111
-0.570791993841
-0.362759653837
0.584506596612
0.361962306799
-0.60818947918
-0.355535199071
0.484721453258
-0.551714657806
0.24263178436
0.246771222533
0.353442557982
0.200973914354
0.510200747131
0.370458050295
-0.313190159779
0.330461280082
-0.244945440749
0.432670648063
-0.349952407607
0.219207035879
-0.152034492678
0.251257818518
-0.45527949178
-0.277412927028
0.240548351367
-0.229074137399
0.140441624426
-0.46408172551
0.35553784649
-0.419335118978
-0.13437214953
-0.244463475104
0.378966624835
-0.190153858059
0.276555500128
0.0577143414625
-0.145336491855
0.212973512276
