-12.5651116995
14.7550119304
7.499870908
7.21385687048
-19.7675914652
2.1505583342
7.03788556077
7.72086456571
-6.30421169268
-12.7641186832
8.90546257207
-3.47319542805
4.3975668621
-10.5263137898
-8.63253814379
4.72490529665
6.03834100785
-7.13432556068
5.75796811903
5.79219184097
4.58312544367
2.55059315799
-4.34531498968
-4.60984511244
3.56806558695
-3.28580721942
-2.4242748986
2.24276616464
-3.66974784405
-1.27817450154
-4.97478717143
-5.62307458567
2.45436879761
4.95389989749
1.7173949225
2.40048138788
0.453322975369
0.829416610408
1.60671283041
-1.00005426773
-1.89621010346
-2.1456584887
-2.05167674425
4.23210469151
3.6121588553
1.9936480285
-2.16017339997
-1.14414191452
2.3399970636
2.04220094857
2.39068903833
-1.61882192112
-1.23963702482
-1.70705651243
-0.691749446078
1.16008135393
0.855292097274
2.07649072079
-1.78605403084
-1.69986874643
1.06015619393
-2.11000254482
1.50815122547
-1.15077441965
-1.59738808555
7.02090050977
2.7337190691
-1.62551358539
5.42269722958
-3.64932642053
5.09485467852
1.33610452132
-0.975206341999
-2.52778875245
-1.18137074985
-4.39147794238
1.49323662984
1.12867582158
-6.08234772199
2.03186333124
1.77132861552
-2.49458438129
1.99527979839
2.37899462106
-1.60966810102
1.71894183998
-1.37308965488
-0.939160631432
3.4422177649
1.64426349764
-1.54041666481
1.26836678852
-0.667288192688
-1.53489981574
0.954020240792
-1.7390149536
1.05405727586
0.84613208292
-2.53623439075
-0.68293013475
1.44290824763
-1.04807994375
-1.00015189545
1.24893822545
-0.566421949666
0.732052317068
-0.830227011917
-0.495554929567
2.58332889174
-1.13463012332
-1.52358527038
0.479876629244
0.566841365417
-1.14869622212
1.10618827026
-0.751733326188
-0.382523531151
0.637625144927
0.942998401869
0.431132589015
0.679742141307
-0.488693253416
-0.934135469275
0.609141688336
0.837101286328
0.770244454891
0.789917214486
0.408206922074
-1.03768413621
0.907324802096
1.88178768534
-1.97033923642
-0.494751871185
-2.03601093494
-0.797282182714
-1.36798242525
0.57523682914
-0.276897664242
0.771683287762
0.39896249916
-1.1513575849
0.739866127883
-0.571737283164
1.65076428236
-0.444830767754
-0.979052286392
-0.982718797621
0.627112721043
0.681526731553
-0.557763610258
0.592269736017
-0.322312396909
0.377754672596
0.956494176678
-0.585966885054
0.620349674923
-0.451213593028
-0.31874898784
0.622230014132
-0.310610533378
0.581119996117
0.44845022079
-0.271069413688
-0.766620184088
-0.353443065041
-0.622747047845
0.1908072208
-0.151351508309
0.411884045961
-0.246597335587
0.306588283508
0.325878046126
0.185670534409
-0.750553906291
0.207285212905
0.500865474905
-0.217644599089
0.192016688169
-0.424846715113
-0.223877669211
-0.231138997931
0.124741922201
0.241960218008
0.293143928623
-0.259451193101
-0.292108848681
0.24950401803
-0.34703038253
0.299919687304
0.277160555686
-0.314973928951
0.344487757447
-0.142314472218
-0.246088479883
0.331366277873
