-24.4740247039
-23.4988739039
15.3159904977
12.7101584707
-18.6774230544
-8.30177465013
-6.94459254652
9.55855023752
4.55007781686
-4.53109685606
7.4591680464
6.32900340628
7.16476333546
-4.1494046443
-9.03995844567
-5.09137010398
-4.88625227531
6.14829273713
3.35256690609
-3.15482665005
-3.25297339655
-4.93715613722
-4.99431448195
5.50973135218
5.64643022868
4.54236694872
3.12258956817
-2.64652199257
-2.1370566381
-2.35516395289
-1.86122382617
2.46605597698
1.13440400014
-1.77947501266
1.71149685531
0.814307037561
-2.25562474285
3.36651355842
-2.29543949978
-1.4614518918
0.849311896902
-1.4193895522
-2.84189027047
1.3597786857
2.07993635887
-0.658627092425
1.65910385505
-3.63404012508
-3.25235378636
2.46825959704
-0.876091480382
-0.678668296025
1.45299338363
-1.78053083476
1.37421990214
1.12348439923
0.478488573139
1.02045774139
0.708444932896
-1.46155893049
1.03416986336
-0.442631606709
0.93997547831
1.83929137294
-2.11311025632
-8.57200490253
6.8848936667
2.4320669075
-2.64228821841
-4.11707787676
2.89437909433
4.27818075217
-2.48784876779
-3.97895524503
1.78260551531
5.12237738922
2.04511232792
-1.693430732
-2.29295053416
-1.69474960101
0.529651125388
2.64233029395
-0.829444079469
-0.84633959664
-1.26459051915
-3.23116623195
-2.45856864296
1.83042897514
2.05297487785
-0.885163595526
1.8032908229
-1.47019656442
-1.32763879353
0.779894146023
-0.830039077105
-0.687617494354
-1.10293177318
0.652360770794
1.23018912255
-0.952349211936
0.331899688172
-1.26274745173
1.28948067204
-1.23180127088
0.852191982778
-0.466575227895
-1.04733705768
1.37447641285
1.05678309674
-1.07169873215
-0.472424279058
0.601573309679
-0.913576573149
1.21072941927
-0.698700581941
-0.98242350634
0.655573138044
-0.816497172443
0.960922683828
0.571867412849
0.751756187681
-0.322472086798
0.454273803011
-0.419682114422
0.688771719931
1.09634050137
0.348756227834
0.730161736503
-0.956823188034
-0.715932959031
-3.09589734366
2.19745702559
-1.02951251114
0.633772167485
2.41976302732
1.24812701024
1.36260565516
-1.05418912375
0.907643665489
-0.523283767738
-1.5706161872
0.627202298728
-0.893041152473
-0.523924936174
1.1092520545
0.203977778973
0.732663965389
-0.455025080705
0.322299782149
-0.262629978746
0.956101596045
0.790575491547
0.54822523169
-0.359266163993
-0.72223392312
-0.586018787398
0.519735865874
0.483019972428
0.181083752571
0.540212663229
0.261436778496
-0.324387355731
0.257021399109
-0.545634583622
0.387003263913
0.164980162714
0.368916117771
-0.407681619586
0.452105122056
0.193260532785
0.162059201067
0.269866182155
0.339739064172
-0.314132298308
0.34750894529
0.118291307381
0.128047371111
0.305365822089
0.223144685209
-0.254587820273
0.288010815453
0.240728178733
-0.318148614769
0.27587708064
0.231053857987
-0.209122955595
-0.112313782357
-0.212988716356
-0.203547228177
0.232559114337
-0.317889097044
-0.133486216873
0.202675541891
0.257236460614
0.278961145912
