-19.9941948063
-16.4810146827
5.75080565581
6.42709673817
8.75816519739
-11.7978192527
-9.4000925261
9.10331950373
11.8919914311
5.17205718915
3.73078790352
3.87073998223
6.26492045574
3.69983283918
-5.74863260394
-4.69125877743
-4.92375261616
5.7957719763
3.42374437092
4.21486796587
-3.94497182645
-3.53215939168
-3.02217108582
3.81209240031
6.2213917311
3.92484012592
4.28108330776
-3.63288181502
-6.3163811285
-2.12533409279
-1.01750370028
-1.39460920649
1.91110773527
-2.51903083258
-2.19696867469
-0.891707058886
-1.25484214848
-1.84807225843
3.35989277822
-1.91746081773
0.948692809223
0.78969129696
-3.54554314663
-3.3540355869
2.02846007216
-1.10024926668
-0.775254453023
2.38527928941
-2.84158867336
-1.67363288477
1.05291073438
1.03320066715
-1.19180547977
-1.40243176601
-1.41330016667
0.775467397914
1.32817146927
1.53251955543
-0.799539554506
-2.05699053363
1.00708856492
0.524145351528
-0.960067293501
-0.87687417386
0.784748934253
7.40455325605
-9.97525359965
2.97302468598
-1.86574992989
-3.44255881718
4.40787650917
-2.64853370218
5.57468736798
-2.59649681737
-2.63899306179
3.67274882333
1.53016339966
2.23625693549
-1.75771017474
-1.79578886434
-2.98459332708
0.798152446865
2.01021958155
-1.53520055344
-1.4351454334
-4.00523906269
-1.03013311555
1.27057033935
1.74530813051
-1.68115437122
2.42949752845
-1.07249456038
-1.83094960288
2.09552351786
1.27553519959
0.513724058209
1.02226997158
-0.51119803584
-1.98632583169
1.45531933953
-0.582565222972
-0.942498236568
1.76366116903
-1.20468109988
-1.70153710107
0.406324883547
-0.505263106361
-1.47820292214
1.32981367072
-0.773808815164
-0.316489833655
0.533162751852
0.90656652092
-1.32554129702
1.06452325267
0.452560700851
-0.77933722413
-0.50603416127
0.723042777831
0.790888906591
0.825537646423
0.521110502789
-0.468134160708
0.597015865886
-0.732264474761
-0.536536343992
-0.339386758786
-0.5071710278
0.304141086393
-0.646546988251
-2.98660570273
2.77450462487
1.2391830227
0.998160272447
-1.18702533488
1.23579400892
-1.60687655658
1.43108520717
-0.901825345444
0.966572717272
-0.680074134517
0.691647757269
-1.04170711079
0.439493909314
0.3778559208
0.812643132391
0.31534978104
-0.683987612075
-0.415258207698
0.24644014613
0.921002702535
-0.584632472393
-0.376140578129
-0.528848075742
-0.472293474975
-0.631905113531
-0.397016346753
-0.524597994059
0.698090076161
-0.651742011495
-0.241932754877
0.480771704537
-0.342782302232
0.860411292806
-0.544346294014
-0.219102131867
-0.277630825578
0.411775361188
-0.574892604325
0.606721390761
-0.120429628234
-0.139281134963
0.489726791424
0.544704381482
-0.223364725395
-0.0788292222454
0.170533146334
-0.2988248796
0.477379797828
0.422879232301
0.18009344649
-0.152264000643
0.224241996928
0.233639891582
0.288888081761
-0.341805490482
-0.176725782341
-0.209084165046
-0.332320085162
0.265690605789
-0.173607579076
0.168645201748
-0.187528769935
0.18770224678
0.190516659904
