-19.8803136031
-16.5666886847
12.3035471372
13.8997334263
7.87715705776
-13.2796088403
-13.5866718227
9.0460686715
11.392111586
7.82599423168
-3.57217546462
1.93122863828
6.74614691455
2.67359222478
-3.98709307951
-4.76580733914
-5.47678056564
-3.90008957906
3.37442817529
5.06760795512
-3.71925333722
-3.60407090261
-2.64285234633
-2.7704704365
6.66125478138
3.44575876201
2.38465530224
2.43006317507
-2.9831762032
-3.08173717408
0.927695546835
-1.18835420624
1.3681502017
1.59819805924
-2.53473797322
-1.60540104779
-0.884005981594
-2.32184859598
3.50022570727
1.74881572034
-1.26801781605
1.23695678412
-1.81492369058
-3.26648435273
2.61353213569
0.909697609743
1.05790950226
1.47425712544
-1.75532753426
-1.97224904096
1.60109471601
0.67461418205
-0.818332104674
0.503215220919
-1.41163872438
0.386239643894
1.38993758366
1.45491261221
-0.730976177976
-0.840131392306
1.62625752435
-1.15707229027
-0.582207373826
-0.969261453473
1.38058771827
-7.09101837077
4.83596185309
4.90174009978
-2.66110697991
-0.890764253673
-3.57862317238
7.16743825669
5.30504500506
-1.63128443336
-2.77766574998
1.96184445904
1.15364044966
2.65026269795
-0.811675831777
-1.1601005925
-3.45590152307
0.788345493291
2.44465627492
-1.19934007211
1.25426791512
-5.29856551431
2.20547172313
0.839534961253
1.07289564486
1.08371711354
-1.19533138442
0.617734225844
-1.10260401384
-0.89540692058
0.889399836008
0.428196705356
-0.877321116775
0.745586942673
-1.43342678841
-0.903792027016
-0.235181333847
-0.573516993215
0.726714380271
1.17708971535
-0.627008459269
-1.30499074713
0.62841916551
-0.720634702417
0.869610814628
1.3948834055
0.433547792804
-0.485282848597
-0.193890607236
-0.821424590083
0.658860687968
0.62186768236
-0.475599638628
0.492233815788
-0.452865397614
-0.604356650804
1.1033739159
0.608949278588
-0.446179020682
0.43865526637
0.721091664875
0.976347411514
-0.545908190889
0.316130507574
0.357644961709
0.712552336369
3.03628228202
-1.27932195716
1.24543257255
-1.20923832796
0.572332060683
1.68950782321
-2.62472338729
2.15912507438
-0.786509816896
-0.496268583442
0.735060129119
-0.516674884801
-0.703658478144
0.342004339126
0.231229474336
0.61758587673
0.303458467482
-0.72193552978
0.613401996809
0.227544209338
1.42375180469
-0.819267348131
0.317796757657
0.499262143926
-0.203147030847
-0.596202012329
0.21885187801
-0.318180719514
0.371711117582
0.249575735011
-0.273881583766
0.28218539505
-0.272809146526
-0.353948879618
0.486623178392
0.127378547744
-0.226847668246
0.347066105887
-0.505092952806
-0.156761804446
0.334570495324
-0.168087001562
-0.247015790862
0.323901620868
-0.346622070223
-0.298882014114
0.212523936168
-0.141263607378
-0.156883495712
-0.252824354775
-0.208288721081
-0.13705770346
0.126406552549
-0.115814771792
0.327204300321
-0.301815051388
0.169092759502
-0.137263083205
0.190901127764
-0.257579058125
-0.364606154025
0.215509674616
-0.126040527612
0.127547780475
-0.246444504327
