18.3034867327
4.80154857918
6.6470444231
-7.11803235405
-5.61392104503
-0.735459011201
2.00117082907
-1.59591600089
-1.92751693797
-1.43045638305
-0.665121242794
1.37409515019
0.601593234478
1.46627088321
0.744920788179
-0.629641485239
1.21078069574
-0.251693349878
0.550351912063
-0.556593246385
-1.14292639931
3.46608856929
-0.669043112056
-1.22246615502
1.07445491365
-0.76302207156
1.68076359139
0.587136523832
1.09623678187
-0.636938861864
-0.489257902209
-2.29477775551
0.45438378154
0.534810328215
0.811364128286
-0.875485876998
1.42517444416
-0.604494898417
1.03682039667
-0.664777962609
-1.05643954268
3.44034390004
-0.449225386492
-0.907836693243
-0.708852555918
-0.398727721013
1.50054325634
-0.21643913858
-0.212472966965
-0.294310875964
0.352156376151
-0.565089305899
0.515465346551
0.672670721976
-0.618119679105
-0.560974741163
0.549933718772
-0.346151403991
-0.359791524318
0.532327124587
-0.635547491291
1.43319043784
0.707167031924
-0.545337862835
-0.611480044495
12.5053829602
4.16632361779
-3.49261571224
2.82457958145
-2.48805639676
0.613248240475
0.530779077244
-1.0048818941
0.800469238902
-0.924167732157
-0.301969666751
0.998527211648
0.891991784905
-0.820732690036
-0.563016153989
0.38872277692
0.698423596606
-0.525043482989
-0.541014024832
0.535544101656
-1.43160898394
1.4559064707
0.920615353762
-0.961771449451
1.20377101765
-1.0190504609
0.848292519143
0.745525320964
-0.803380362886
0.43079183947
-0.585708800451
1.02028814188
0.330773323507
-0.274970194576
-0.363961946742
-0.749685605909
0.53007370578
0.820657647545
-0.77550060078
0.434701503265
-0.973763150824
1.45121758533
-0.633725840382
-0.429078890607
0.830855371089
0.192950254916
0.706969997934
-0.272115955271
0.165050794502
-0.155235167143
0.784373646502
-0.405573429215
-0.268460910578
0.299299030271
-0.910167460832
-0.276026941431
-0.360449521679
0.256345050487
-0.267922163741
-0.27053315137
0.87875300081
0.572219898997
-0.610513734084
0.348178310663
0.408304162702
-3.5260695309
-1.42253431203
-0.87115353139
-1.02447897749
-0.749978142534
-0.255103946661
-0.289217868528
0.251203705701
-0.345712858345
0.237169712242
-0.124052282536
0.123510317153
-0.380344572956
0.257081620463
-0.238902232356
0.113042320218
-0.261747835817
0.146884723014
0.189666612507
0.183604975885
0.415643614126
-0.558870739531
0.316045552384
0.342129657067
0.373263685795
0.295598975879
0.324612665257
-0.315838095565
0.228569117568
0.176773807119
-0.239091453749
0.271621737894
-0.156048815657
0.102320243084
-0.140412983828
0.214231907783
-0.219838241889
-0.211926706675
0.228061394362
0.180867831331
0.268594069335
-0.495374206096
0.257402867874
0.162091268582
0.239016592599
0.151747318061
-0.27986146288
0.0939197221921
-0.0504784209629
0.0597004375603
-0.21447106434
0.135559035401
-0.157843885336
0.0976592211632
-0.168438163629
-0.0799347906133
-0.130961258887
0.154198643041
0.100374677899
-0.101027424806
0.199073796207
-0.34409493204
0.233767463448
-0.136883951468
0.152504784487
