-27.0928268065
-12.7607449078
11.1206244722
11.0025189253
-11.6317388582
-11.109479908
-8.33765888804
9.48809623731
8.4540757767
3.23578332939
2.27948210897
4.12041618955
9.16485720282
-3.87703155247
-8.84925599121
-6.23147642408
-4.03242244879
3.70097408254
2.74507193459
2.97335432254
-5.25236442007
-4.06677311547
-4.65078236225
5.82447856837
7.3634114807
3.83896670292
5.0380078772
-2.5593364325
-0.771557165049
-4.46117539229
1.95438401035
3.07986762632
1.88237338409
-2.94188529513
-0.688046362284
-1.5428342262
-2.92602811059
4.22272549998
3.28567588251
2.4627465636
-1.25587923036
1.26048442315
-2.27070324888
2.11368600923
1.6501323722
1.11275844008
1.68724846011
-2.70067610043
-2.57636055433
-0.87524252875
-0.981889941391
-0.84949022003
0.854287198171
-0.759181685828
-1.01857834327
-0.797292625297
0.809925133469
-1.1313100265
-0.790034000234
1.82041091859
0.83262126229
0.893650122015
-0.906863137412
1.13110375315
-1.22319424851
8.44457442215
5.01129252029
1.95148061656
-2.56360069596
-9.10976975151
-4.62870937224
-3.98755477462
5.41783412219
-2.78457676569
-3.0396177318
3.3137686712
3.34127026892
2.58276442567
-1.43616123803
2.98783137072
1.93021130109
2.30116693164
2.18195069123
-0.588163515451
-2.27915471075
-3.50785709408
1.04647028131
-1.11773697133
1.66433043104
-1.87880371444
2.44154163504
-1.58991288802
0.933045531319
0.896714319245
2.12222100536
0.986378921053
1.62022546042
-1.2054190567
1.19415059199
1.02381239123
-1.61883233752
-1.07941332252
1.10386932264
-2.0172269691
-1.02729788016
0.74526499536
0.515706254705
-0.79973317296
1.07455562465
-0.625538679155
0.506495671878
0.559461708063
-1.03998292404
0.679383318541
0.808083507435
0.414554956258
0.45043986534
0.583118477321
-0.584778772183
-0.413116395975
-0.96240226538
-0.569064262848
-0.554173397403
-0.598653645976
-1.08917461786
0.628207977731
0.374947235743
-0.494385237412
-0.764740732244
-0.485603620988
2.32225856138
2.02197892358
-0.895219874843
0.608179127183
2.6373562218
1.78453135653
1.64429992294
-1.3346617893
-0.577487144966
-0.977789179663
-0.776699874732
0.745569163322
-1.32917250729
0.474098614673
0.893904897866
0.715126867778
0.657363073767
-0.614902794524
-0.30568729406
0.73588423999
0.887967175847
-0.493119776657
0.546660555473
-0.420236801063
-0.900105187036
-0.640708070701
-0.394560167584
0.375205313753
-0.331239459304
0.864879709132
-0.316800905804
-0.478935487466
-0.331415631845
0.373870199212
-0.256597468325
0.295416223066
-0.404205339754
-0.413881154991
0.751842155917
-0.470339214608
-0.133130319961
-0.229240070796
0.294422677305
-0.354209045809
-0.180425137148
-0.164360915464
0.238130495303
-0.263817569195
0.415585346923
0.185806476165
0.134620550465
0.1950331226
-0.150840161649
0.181120489142
0.18595184071
0.220799618747
-0.149751251094
-0.266149520402
0.151537221643
-0.344510490473
0.146123374748
-0.170868851273
0.241300026431
-0.330177284786
0.189286057508
