-22.153340749
15.8270596271
17.2821453354
13.7302567515
-19.3550129622
-15.104487016
-9.49838208187
9.89936917165
4.50965905755
5.06469015015
2.29077746676
4.80957477963
3.36249710854
-5.46865456342
-3.82756997232
-4.43150423362
4.88402294938
5.80952780005
4.0194413522
-6.10030614911
-5.19841728901
-3.91247138732
-4.40093681117
5.09199563952
3.37163328094
3.82355008429
3.95997684608
-2.83847378859
-2.78895854584
-0.896924790756
-2.05197106509
2.49712816071
-2.41426795445
-2.24091533829
1.18081268944
-1.21147749506
1.92344740891
2.09082094348
-1.9577260309
1.4897290748
0.803417246507
-2.74532239085
4.09196141247
3.46308117386
-1.1234678004
1.28784728856
1.17230621493
-2.75573212562
1.05593173359
-0.969459785799
0.792557943541
0.705441980059
1.18276814497
-1.41977779887
-1.39101619829
1.18835864244
1.26000494299
-1.27939013951
-2.29367260841
1.23909533796
1.33955838556
-0.828516443741
-1.35906014021
0.76881567642
1.07494652385
6.87488814955
3.90993910157
-2.02240690239
-3.33948822315
-3.10145832434
-4.80237005036
6.20241683155
-2.56829275126
2.50073996419
-0.845499981636
1.03636493429
0.701827064133
-1.18128287825
-1.67580985298
-0.965643999144
2.63622870096
1.00397799088
-0.960324962861
-1.50261977948
-0.839805103667
-2.31259291534
-1.22123203631
1.48742493398
1.13638476001
-0.472398828166
0.818429684864
-1.42559055378
-0.939382245231
1.06311504049
-0.661169001065
-1.5281106451
1.47110687854
-1.68459254837
1.6054320671
0.873114802226
0.647816612965
1.5323293147
-0.587178396713
-0.767951082503
0.566876929344
0.65832201001
-0.784804677987
1.71803200403
-0.843581306906
-0.652153724987
0.633093941891
0.468907776692
0.938056682558
0.497752214616
-0.614843144144
0.444910769263
0.552260484083
0.521328327493
-0.889935196898
0.377294308559
-0.997790410903
0.466485596709
-0.670143308691
0.771063543699
0.661246864568
0.899937833056
-0.434839455633
0.64432063303
0.320875359297
-0.84628209589
1.7129319901
-1.29782704759
-0.626280415711
0.656472443425
0.757115958961
1.35002255602
1.92392709641
-0.672676960902
-0.638771437449
-0.85840723079
0.48649694394
-0.311230128582
0.355323103277
0.656636103331
0.373988546305
-1.019586879
-0.459207333912
-0.388572334653
-0.348881986001
0.319016594742
0.443900749973
0.596238035709
0.65446414236
-0.267021776457
-0.255363745431
-0.447691798848
-0.455944306008
-0.233365004365
-0.283541083012
-0.315313678123
-0.453580389596
-0.550340817364
0.417761257845
-0.354161271714
0.351589672008
-0.298950829431
0.338078370574
-0.455722715132
0.238773739011
0.161173158586
0.208923823314
0.263670339746
-0.508118030833
-0.271563969863
0.246607979358
0.197504695256
-0.172475162941
0.365537593596
-0.249919717499
0.250709349756
-0.159755899314
-0.159659429013
0.195271152891
-0.226329370294
-0.165316357993
0.356879931082
0.190939900911
0.131110677989
-0.242501198896
-0.202901548377
-0.325541891941
0.135313058838
-0.256027245143
0.148401033997
-0.247835680295
