-19.5303109329
-18.9684061629
17.8369223411
11.2850925604
-19.4065564002
-13.6904418334
-16.8950356761
10.319845156
4.31861147948
6.48983317159
-5.10542167889
7.7763227394
7.070357611
-4.81603843374
-3.15268842103
-3.8646093703
-5.50526122428
4.62224073741
6.71896120108
-5.53737294478
-4.71100307227
-4.4473846464
-4.61394082746
4.91580772829
4.43262950178
1.8903875831
2.05374630406
-2.26609975664
-1.48582279766
-2.35232215568
2.16314416989
1.90010857714
-2.08544596847
1.27966224419
1.81664652727
-1.41502946983
-2.84403075244
2.20098554833
2.22412791012
2.1661019625
-2.57415622326
1.15693176534
2.20394494222
2.93751444914
-1.68803451258
1.32463967088
1.74299258797
2.32312739646
-2.86498293478
0.662305490356
-0.640596555045
-1.986450609
2.44046972143
-1.38769109796
1.06787334065
-0.763991874458
0.889778155862
1.35469564361
-1.89140525219
-0.3471811492
1.18388600448
-0.648687585838
1.31847256682
1.55964051579
1.28011065786
3.84878517713
5.99633164273
-2.23943891883
-3.49086162596
-6.32450870269
-3.87289912606
8.88618176848
-2.52486855788
1.59648083766
-3.43295233244
-2.05759643626
3.26145139371
-2.12019466684
-1.85162224845
-1.77600950034
2.28303458704
2.04922745901
1.99419578697
1.64389946565
-3.02929879652
-3.24022601548
-1.90802020101
1.42335464429
1.10330920447
-2.34935162015
0.964110731468
-1.12081485225
1.01637588651
-0.690415119561
-1.15595288767
-1.41756751196
-1.14183072774
0.829354924256
0.703839353276
-1.05850096578
-1.35653216034
0.903240956511
1.69642113584
0.831518300702
-0.884155151146
0.953932732598
-0.703780823726
1.49146103043
-0.670626372672
0.875038118454
0.62057166745
1.10313553064
-0.729409214631
0.784295807988
0.463090461841
0.523575639287
-0.99511201654
0.81183494039
-0.54463412855
-0.465901103447
-0.63102403026
0.568498358958
-0.577256055369
0.763783718829
0.311203248049
-0.649263812009
-0.348717837768
1.18841306709
-0.659753405114
0.756084816178
-1.67024917004
1.99103426251
-0.738426705962
-0.806796989583
-1.76738741519
-1.61351169764
2.83954770626
0.742834195073
0.675941045428
-0.710929418152
1.04818785677
-0.905079510833
0.51809202315
0.35679998536
-0.534189429516
-0.736193370454
0.69197917879
-0.586930548675
-0.617629443467
0.798903289347
0.816327810296
0.832843711326
0.482670230134
0.359102834657
-1.04999167309
-0.188977921726
-0.326443636425
-0.426697751517
0.190079537513
-0.527879874669
-0.488676187908
-0.431321065137
0.279904737156
-0.316270192309
-0.327037881671
0.392804050955
0.493591351842
-0.400699616115
0.281517515029
-0.454063295575
0.350960399566
-0.157468439693
0.35936079965
-0.540521850777
-0.318370755157
-0.231017152043
0.239979624476
0.242458808979
0.302601408915
-0.216689377333
0.191322897733
0.284834038645
-0.363515106074
0.239696290652
0.176343588802
0.179976656351
0.144593936949
-0.176146021984
0.305204453958
-0.121251634432
-0.270212153705
-0.118663424325
0.318849038005
-0.425828016605
-0.351337157047
