11.337139544
11.8867886521
4.61719277915
-3.49729010461
-19.1284629919
-11.6053620349
8.92175349772
9.05066647588
-4.37065436848
-4.01372088528
6.27309818747
3.90750066332
2.7271801168
-5.60844178891
-5.62552939824
-6.74466718355
3.15869108612
1.91389821169
2.23945718134
-3.64111501715
-4.18448367373
-2.7575026535
2.51665249957
3.37872811393
2.57201292285
4.53201010176
-2.95644241288
-3.51227666952
2.39898401052
-2.08150032211
1.81544151464
-2.52744992333
-3.08852602443
2.98071701317
1.63694533522
-2.96104763411
1.9758970902
-3.17435366299
-1.4054343463
1.01214444542
-0.552982152635
-1.78336329267
3.1865859224
1.88971356643
-1.54659383242
1.42294130874
0.910318427748
-1.07189893575
-2.38019193383
1.8022703376
-1.30989548838
-0.757180157388
-1.39852982717
1.42819766368
1.40112227519
1.40285765282
1.65296696213
-1.42163048258
-1.02449118286
-0.770040293355
1.28640221814
-1.59071623874
0.822356844341
0.840697314068
0.544817648467
10.4664942768
-1.64908503259
-3.43411331553
-1.28390713015
7.63649859359
6.05429685692
1.33048609507
-3.68648970427
1.63476634222
-3.75688665801
5.24733044639
-1.26814498679
2.0963627803
-2.81322832233
4.86190981765
3.27013398888
-0.706162884573
1.53615481576
0.796106124746
-2.30009534839
-2.94093915881
0.655990384519
0.846515416276
-1.42846028105
-2.52426427698
3.10167145354
-0.698836057244
1.71316693548
-1.26873634362
2.92352909566
-1.62714509149
-0.532587551127
1.39527862583
0.904405358881
-0.600163191874
-1.7600359198
0.437023721405
-1.55948058775
1.08856809689
-1.26380391142
-0.567151632258
-0.615190570019
-1.42428836843
-0.937013750862
1.09834343104
-0.564648957319
0.346721431856
-0.918551682642
-0.874342149193
0.843160445518
-0.975482291423
0.399712274758
-0.940992189044
1.36540826903
-0.598744331638
0.642319557136
-0.344837025242
-0.387943036208
0.338981272189
-0.564622320638
-0.594426626075
0.519798359593
0.657068195798
0.758018250173
0.370792284838
-1.87233671862
-0.930038418828
1.02690241702
-0.626235041225
3.5689010207
2.53649867081
-0.673794147239
1.09810151984
-0.497773533247
-1.03693394246
-1.23337452337
0.385450106226
-1.22739777566
-0.433113040672
1.0688545974
1.04134259145
-0.531506908461
0.629874714431
-0.241804335786
-0.379532760449
0.983364183297
0.320587709252
-0.149331669246
0.397151330106
-0.96757026251
-1.27935219497
0.376918519064
-0.655458589139
0.127270543784
0.813630587301
-0.475106128194
0.278806250052
0.342293132167
-0.237151842046
0.218360653292
0.683143362416
-0.412733014424
0.556272254941
-0.593744231799
-0.328348097398
0.209213468494
0.17469999196
-0.494135533289
0.396887769129
0.391257064008
0.227842597294
-0.121996723107
0.196317188451
0.406101049352
-0.212191458985
0.238299286468
0.128482534892
0.563909367504
-0.249897240304
-0.167699286621
0.256088254541
-0.172571858355
0.166514651976
-0.106744489616
-0.248930142465
-0.241304727728
0.193312554871
-0.178857592889
-0.224505401493
0.154560202053
