-22.9836765056
-20.392985396
10.4593171511
8.36549446705
8.27421181092
-7.30415753628
-9.99945830221
-9.0100281809
10.7573372806
-4.38374464158
-2.77584349856
-3.34900245085
6.58791498037
4.07549158324
-3.60635054962
-5.96896041294
-5.02810221887
-4.12808116834
6.23807343423
2.48406690708
-3.8114743872
-2.76872371461
-2.76204308611
1.85395129635
4.34423162666
4.43270762414
3.95724852472
-2.99392167688
-4.8806064057
-2.75915897569
1.47688025773
-2.02338083831
1.57866979143
-2.99536081427
3.29320471146
-1.4295843926
-1.69574227954
2.98229496344
2.64094728781
-1.19259208163
1.02812012568
1.3495367054
-1.30512401197
-3.06772677558
2.41778737552
1.38230065729
1.44956740547
1.57168315491
1.87672916796
-2.18287921032
-1.0215228237
-0.886396293724
-1.01100205841
1.29952349551
2.04239326097
-1.14653341626
0.752107566721
1.12971790516
0.938503730411
-0.926875826752
1.84453188617
1.01907052782
-1.8610337457
-2.11977198608
1.73056953612
8.06044274529
7.82885308572
-2.56939598729
-1.63389197226
-1.86179773032
3.29062200924
-4.16747084413
5.67950084792
-4.05784469924
-3.82631711986
1.66413169329
1.56648568151
1.38470700533
-1.47546342624
-1.64486934935
-2.79761183703
0.788697693251
2.28286445311
-1.73070030974
-0.915954281011
-2.59181601321
-1.52167975656
-1.091987708
1.05226124744
0.74741821383
1.65949143112
0.904525165608
-1.46344738819
-0.93584751147
-0.882790664693
-1.31759867685
1.16257021639
-0.767855745504
-0.96783032503
1.75686687924
-0.849878738196
-0.913124317773
1.88281077524
-1.35142932356
-0.896291315378
0.876606841085
0.804332905408
-0.966652192632
1.55105797662
1.04287196991
0.68447393335
0.951095051546
0.534510062794
-0.824792582107
0.521800233315
-0.450895255396
-0.389364790859
0.28219903173
-0.494860662105
1.10550557712
-0.607241753657
0.610921153031
0.469580956515
-0.390332179577
0.65827763554
1.04336591962
-0.592300696497
-0.955273938211
1.48827222489
1.25021463978
3.0477154903
3.27844075496
0.909478827258
-0.786117743441
-0.79399857321
-1.44716847256
-1.35829141607
2.46174292301
-1.08094835561
0.881916038578
-0.721643411656
0.540985540978
-0.568497828731
0.348033550155
-0.563352719978
-0.905679084763
0.632612218905
-0.412554298429
-0.570815187523
0.455308047091
0.937508098895
0.36377096468
0.434541738368
0.208471808427
-0.421840815158
-0.587484316404
0.415745181638
-0.430152125779
0.392193609239
-0.427237868348
0.324203924581
0.352425444758
-0.29370401298
0.459953570549
-0.626312138504
0.231643109147
-0.249477244231
-0.634866926432
-0.462702952189
0.534479877429
-0.290537990054
-0.27262743648
-0.342902506424
0.339272724831
-0.459073380456
-0.323578379629
0.26169103069
-0.346219011103
-0.309402311186
0.252957167621
0.26435458239
-0.109525036439
-0.117159006457
-0.288098859436
0.400091559805
0.28745238241
-0.188875124087
0.153540074958
-0.10518566511
0.25282201822
-0.342190319687
0.193624150643
-0.284367461072
0.42729592291
-0.650808525665
