3.63738299265
5.93992956128
3.77663471396
3.94719155172
-13.1395332476
-10.2978940422
7.18370837093
8.26396311592
-4.40161538366
-5.51912127291
8.40861139315
5.25027146559
2.34589578201
-2.13181963288
-8.89776946483
-4.84669821977
3.62065635726
2.57490577909
-2.51340590364
-2.03172636695
-3.23147354644
-4.68290456518
-3.21260232657
3.11441490658
4.44470331712
3.94206243114
-2.28138310887
-2.78093818991
0.739788229517
-1.53762633163
2.541409385
0.523090189325
-1.05273569351
-1.70733620271
0.737764064082
-2.56933358193
1.85499346157
2.68385539509
-1.51583402257
1.15529983315
-0.668338649535
-1.84083360369
-1.50751097311
2.61149561076
2.08741691574
1.74365639943
0.862181932279
-0.589891857186
-1.50014017493
-1.18425674837
-1.32698774122
0.543726837768
0.319931300441
0.933329692029
0.452079322949
0.824924357937
0.741978564019
1.13696967837
-0.838776349991
-0.770006872481
1.79794063888
-1.16527676314
-1.69507537196
1.88234681348
0.628546661733
9.73374190951
0.849719595523
2.83381957034
1.89465612692
-3.81143751294
5.19153539994
1.75201588227
-3.14422867465
-2.15607534925
1.60038171816
4.87384293511
-1.89402813968
-0.885097290122
-0.679421243998
-2.12314336838
1.84940658295
1.18107411933
-0.983205141587
-1.30190631534
-1.01031504602
-3.40150255665
-0.9807419417
1.18982114102
0.845042601176
0.817843972604
2.05210233811
-1.76863620536
1.96514280531
-0.921350724925
-0.497794697921
-1.57816937839
0.452172291181
-0.306831826329
1.18954178029
-0.749037945836
-1.88676193832
1.35245123008
-1.14514526062
-0.721437093981
0.573110886227
-0.691385002628
-0.386397568109
1.12654274649
0.962915245317
-0.661263959806
-0.794814937562
0.682784316938
-0.26432230136
-0.629550084664
0.438224301279
0.381028427641
0.473120468733
0.317510624596
-0.392108874095
-0.38957562689
0.497279204449
0.259980668184
-0.638967237263
0.451845552162
-0.323696418816
0.691190454
-0.570913795432
0.878135729742
0.935753112072
-0.274278585237
-2.47959045914
-0.359354541571
0.94609570809
-0.951786399111
2.69238107608
1.99562002854
-0.713308477372
-0.915054926146
0.697003037527
-0.629455686284
-0.846423879632
-0.776104376208
-0.367718142535
-0.412550209309
1.5333100699
0.646250946825
-0.424209265276
-0.247793250475
0.563442793785
-0.452775349382
1.00193765439
0.36077334682
0.249913997862
-0.238499424153
-0.846241614131
-0.79260402082
0.340385103984
0.593059648684
-0.295420785838
0.609014183527
-0.655960983485
0.16819046924
0.111757161664
-0.484644931531
0.249376381145
0.599979069924
-0.441759226659
-0.355377663844
0.294140113449
-0.523926877783
-0.146355245799
0.12150771346
0.260804115889
-0.362598401409
-0.211093407817
-0.394022997004
-0.229792464958
0.153315102972
-0.270675759317
0.23752273986
0.101161752102
-0.101462320995
0.0900969366689
-0.170507263123
-0.227680188369
-0.167247649485
-0.127544263207
-0.193833692613
0.272703197356
0.117023003965
-0.202792153099
0.122561446454
0.273867495201
-0.246847637056
0.139022493228
