-23.4137277554
-19.3232805111
10.5597089456
11.0004151064
10.621865403
-8.4831675473
-12.685194271
7.20931710839
8.5257890044
-3.17482758514
2.64783194083
2.90371047051
6.18175910566
-1.92050328273
-7.91434831651
-4.30526345767
-4.46126100074
4.81054440008
5.45034533885
-2.44567815883
4.55009771815
-2.92275760733
-4.69125732806
-4.97294719531
5.19526431606
2.59798933169
3.15302349567
-2.46150927023
-3.05329932368
-1.486825369
-2.10286097651
1.36474992289
1.80174475073
1.151644038
-0.837446462147
2.30215228102
-1.97364431966
3.28538335983
3.97399673287
-2.31744246262
1.9710016275
0.908670235525
-3.25296273559
-3.76922794518
4.00386098805
2.7567813311
0.930693490432
1.23064744882
-2.85361489068
-2.36630983671
0.926334677657
-0.535883474907
1.10411033162
1.00618860066
-1.73244266236
0.33061980759
0.996396585499
1.98937949562
2.17230850651
-2.37180413579
1.37153975454
1.61646863449
-1.64285031241
-1.69666948394
-1.22356289025
-8.22152623441
9.34829956015
2.90715693171
-3.59948227555
-3.41457220288
-5.29996335957
-4.41492264903
3.06659594922
-2.6239398263
1.76406070102
3.83740844998
1.31584082566
2.76162398293
-1.1981184373
-1.32691791782
-1.90426349117
1.00859486032
2.86899370852
-1.319097758
1.2603053184
-2.23281583528
-1.05234626757
-1.46352807065
1.56022308688
-1.45970048395
-1.66711362536
-1.01556199469
-1.19215589611
-0.915425908827
0.888220281231
-1.44246128511
0.729482010874
-1.11898716367
-0.841922683224
0.809754027932
-1.71575260785
-0.511466745213
1.45529990047
-1.85280574332
0.91077244953
-1.11011803735
-0.544022113688
-0.896280588108
1.79228414465
1.36191097489
-0.856703006052
-0.612894474099
-1.1191057674
-0.833274621331
1.12512314016
0.844781340824
-0.351270901213
0.643709497409
-0.495919307445
-0.796283178578
0.898385083126
-0.869915367677
0.710406171202
-0.742678452607
0.612327890284
0.396325572337
0.549879750947
-0.944135515439
1.15029442484
-0.990451943939
4.15259328454
3.88500865533
-1.87414968058
1.25145185864
-2.79528334206
-2.16547383935
1.2321677567
1.54462396806
-0.744140073529
1.08140262924
-1.13178105301
0.553853921547
0.674619406999
0.375194657262
1.17368470958
-0.670736231722
0.477576390131
-0.624953015703
-0.323448984771
-0.791142202393
0.706055661448
-0.40718736301
-0.450796779989
-0.369394770191
-0.587435136297
0.490461450574
-0.224182811088
0.431441534797
0.329981445346
-0.364767857969
0.650219796109
0.213698097795
0.463253671075
-0.270484539296
-0.330719996903
-0.549168034062
-0.208561444873
0.31592700039
-0.515704443554
0.396760014381
0.294972358608
0.236723621882
0.297546146347
-0.473567331953
-0.439470718612
-0.313727406517
0.253969159413
-0.325808468859
0.239047445803
0.322164766545
-0.292965900383
-0.154893073601
0.214148106301
-0.165812817598
0.239906812262
-0.179296653328
-0.241650304151
0.299346039548
-0.307694337266
0.300732339647
-0.119124432938
-0.157090486795
0.26954769955
0.389424038105
-0.306763364098
