-15.0119773379
-23.3001100611
10.9371616856
9.58085071001
7.86784563619
-6.70641543214
-9.13474960802
9.18982339485
8.47588775934
-6.85388589992
-2.79774585251
2.38267313678
6.22602191916
-2.43588425392
-7.14591431533
-3.86032266295
-4.63911899268
3.52134026542
3.72742469242
2.42876319011
-2.92671432541
-2.3630856325
-6.19050391262
7.55778506026
8.19789036947
2.08335493178
3.34511414862
-2.16812190123
-2.54585643919
-1.6321617365
1.84052759863
-1.70915955952
1.95946706684
-2.05954953135
-1.85551508425
-1.46347916775
-1.22791237903
-2.45580864701
4.22371424245
-1.47290557647
1.15819188792
1.03712036611
-2.33062803322
-2.43530987894
1.69133430124
-0.909197152957
-0.842812527355
2.14113126949
-2.23385079784
0.555807303184
0.808620353255
-0.837907037371
1.56591821589
-1.13444677597
-1.46785204746
0.534405150882
1.99388116275
-1.11831661304
-1.28602562229
-1.10866024043
1.09381603818
-0.504574951545
0.454272072884
-0.663403087936
-1.6289147461
6.36396336991
8.52875390373
2.5104689535
-1.75587365568
-8.56249043907
-2.82833452465
4.71730532682
4.03896054058
-2.76623479631
2.68835153471
2.59828772297
-1.89205813104
2.72495127386
-1.90022594219
-1.43528372658
-1.48711653159
1.49907755555
2.6266332953
-0.777058146805
-1.26418101094
-5.35430532466
-0.891441668966
-1.21974785764
2.70320317063
-3.1915597658
0.949763805423
-1.08103973354
-1.06472656736
-0.924071780924
-0.471425902474
0.870553939235
1.32777628829
-0.931346933884
-0.92724710328
0.823490714826
-0.479484927859
0.773610967658
1.27504684713
-1.57233481381
0.838267025346
0.43112672036
-0.67769311826
-0.594472884079
0.999452962176
-1.17346466629
-0.661170011846
0.376161753137
-1.12060364322
1.00777792966
0.471266463555
0.356446796251
-0.469848024947
0.836884040156
-0.768300162705
-0.428468851186
0.675487176601
-0.754559232821
-0.423965868942
-0.453342676015
0.765277208891
1.13267100101
0.4247087191
-0.312881936472
0.447946336997
-0.972898609352
-2.93245910119
3.23191969428
-0.524531176901
0.70073721336
-1.6222104167
-1.21890853114
1.80875520048
-1.23481519267
-0.711235747635
-1.13048322769
-0.724856967757
0.682039476191
-0.816144051682
0.423815884139
0.558477581938
-0.397220425372
0.578648642032
-0.604973242043
-0.350137366218
-0.554149614327
1.46676341326
0.400009459818
-0.464654950419
-0.794082912119
-1.27406095237
-0.279643839285
-0.432100279621
0.337586431211
0.301127449278
0.17871260269
-0.337846746574
-0.537822402051
-0.511426548498
0.276366052943
0.215675722354
0.133980769315
-0.338428276351
0.463381334632
0.602650459788
0.274080450028
0.401147846664
-0.132348720701
0.115263226154
0.354552676912
-0.360719206084
-0.261511373652
-0.104058527116
-0.294154239211
0.366998319233
-0.314536688022
-0.101515331876
0.293592426026
-0.290954721424
-0.184768130679
0.165805731576
-0.099032853647
-0.293978590292
0.148343700876
0.239935393357
0.227208019831
-0.354993695957
0.157016874876
-0.149126218229
-0.143780668228
-0.209969743445
