-19.1857488751
-17.5634768852
9.81210965903
9.53158452619
-14.5672521014
-10.3769354457
-8.31579146758
9.72164103651
8.81388791338
-3.60271064234
-2.94512196716
4.28245596219
8.89425545752
-2.14068471367
-7.09825084433
-4.11968294714
-5.98138911952
6.34118726058
5.31257252873
3.12762297723
-3.97684444624
-3.47471214697
-5.01864002766
4.22658559631
5.84801258894
1.37572639059
1.93968214983
-1.9809477715
-2.85404066862
-1.32840593538
2.89530705688
-1.41638514568
1.72494468909
1.39190543979
-1.88594945043
-2.01968108716
-2.03330260426
3.09613998597
4.07969130023
-1.58545205355
-1.80958427386
-1.01319159171
-2.60163546675
1.57607393159
3.10013376592
2.14576354382
1.5401539078
-1.65684668884
-2.86338493153
1.65824318161
-1.35766869624
-1.07344037834
2.45609397803
2.68207861715
-0.991192415716
-0.932164279084
0.708563768132
2.44484964804
-0.683932964511
-1.49071909497
1.24457666992
0.796928491997
-1.75052529344
-1.81818503797
0.989926149445
8.31076965438
10.4099992881
2.99748606781
-2.05659596449
-4.30051209428
-3.62246648057
3.18709186598
4.85803172815
-4.3463735746
1.55160229719
1.31088212992
-1.13480613932
3.44070588698
-2.30521290021
-2.23834591716
1.89718502427
1.4139366443
2.51234840859
-1.78037673687
1.11978676427
-2.67812189667
-1.37775218137
-1.32854925997
2.23168846977
-1.10206506119
1.16417409933
0.488199973841
-0.635511113815
-0.848185748052
1.228664922
2.15894153014
-0.741620819168
-1.273676012
0.872851562714
-1.24234953863
-1.29750635676
-0.577692254256
1.30125398449
-1.81695169498
1.17543374534
1.08355135936
0.645288234935
-0.75910399628
1.04340264302
-0.938795751006
-0.944466811016
-0.867115148609
-0.541931152129
0.675995605076
1.23222659818
0.567661121791
-0.505877464004
0.50870157363
-1.17039906294
-0.697228613125
-0.490177583494
0.535134413714
0.832494068822
0.682730717077
-0.457973196945
-0.545906043908
-0.615850219855
-0.727420787228
0.822661839817
0.592531119092
2.4835308203
3.44497473503
0.859237928861
0.905931720409
-0.980179708315
1.21791492239
1.46663672287
-1.01394760693
-0.98977137325
-0.351131975869
0.551532517603
0.749601767965
-0.660657477806
-0.757176584727
0.745750534534
-0.662045681429
0.530197256193
-0.462097583536
0.620443080362
-0.456928683269
0.781379475991
-0.433323378735
0.390330519258
-0.61884415902
-0.460368906132
0.382024204546
-0.199188547703
0.130004096421
0.231915808586
-0.137345752849
-0.512378302411
-0.425896201528
0.496305992138
-0.528800275335
-0.387119372155
0.352541376368
-0.196131818017
0.413856094928
0.442653044143
0.309801026825
0.402581181815
0.188498707792
0.23734713425
-0.221507242946
-0.314968718003
0.17816775383
-0.272246028311
-0.213016319799
0.185311442807
-0.307943448392
-0.157388144503
0.199007336327
-0.250390378429
-0.419775159143
0.205253658544
-0.132747753525
0.106613532154
-0.312418259032
0.233219250948
0.11616920202
-0.33076411991
-0.206394492064
0.256230551145
0.242306305668
0.359263519484
