-13.2622286947
7.54143187061
9.68654836139
8.50399999888
-13.58691514
-10.8450818424
-8.55921632397
13.6990676292
13.514940324
6.29513646158
4.09474721666
4.32349798345
11.4914753052
-8.07382654956
-9.61198572362
-3.53291594576
-4.23707964888
5.56228880858
5.66170271106
-5.95714786427
-2.74432967267
-3.11366546511
-3.00615964149
5.84411157761
4.79306416669
-2.53191703895
3.93065303818
-4.4099619971
1.78427370751
-3.50770285757
3.90551039795
2.02292848318
-2.4457292117
-1.95414608969
-1.551155552
-2.7348107139
-3.0759841775
-2.72097358078
1.80014230748
4.98287869663
-1.70537549608
1.50433568674
-2.46496014824
-2.44692093682
3.00361126825
1.03091563547
-1.157906914
1.96399202859
-4.09377766403
1.05933261517
1.51808989809
-1.19009663695
1.16760666292
-1.09361228584
-1.24826972045
-1.41222622314
1.38267930875
2.29785355788
-1.27547213793
-1.23484254285
1.62601873733
1.1232897386
-2.14518979746
-2.34633933551
1.44065839951
6.53871951552
3.23923602149
3.45274039377
-3.57084154635
-3.93632131329
-5.6726815452
3.72037570975
5.02180404663
-4.42709356425
3.85550973504
2.47655926062
2.59974145762
4.70914147432
-2.18179081011
3.33087146147
3.20392964879
2.22351297843
-2.35208144605
-1.92679877689
-3.65403827154
-2.2047106903
-0.80571429305
-0.708586513716
1.79148103681
-1.52559765214
1.07639862554
0.633620535547
-1.43592362832
1.30649994478
1.23012924833
1.97023148926
0.964803472632
-2.23432884744
-1.51171686314
-0.878591450047
-2.33250849619
-0.76259875008
0.895403470797
-1.13578187122
1.518670382
-1.13459816894
-0.596883510629
-0.899361951774
1.31856258895
2.20774511771
0.510937963833
0.475164842147
0.647454142781
-1.39520235713
0.378572676535
0.875346496415
-0.484944630154
0.8037859916
-0.784476349168
-0.924998922615
-0.420231526745
0.535055093799
-0.792775108427
0.669494511926
-0.628312560657
-0.705803553358
-0.486855601268
-1.07430386017
1.25695350701
1.12387924905
-2.31839778365
-1.52147178833
-1.48856304177
1.37208264361
1.47987827506
1.70646756652
1.2254886218
-1.16297859361
-1.35970726158
-1.25920141518
0.487774456736
1.30665881191
-1.5469410701
1.11800506941
-1.0772820924
-1.03663179367
0.522684493834
-0.799207860531
0.877151686135
1.15582581963
0.701465273028
0.283645530376
0.246410270723
-0.454115185859
-0.739169083747
0.500566020875
-0.214070489474
0.698076157077
-0.452117352268
-0.519877408993
-0.504945813192
-0.799783080018
0.48735965757
0.438812398376
0.707887819026
0.492892256215
-0.252922629493
-0.228572952865
0.362878765795
-0.720681807982
0.521498090547
-0.196340032015
0.294732253954
-0.421300265015
0.700736568054
0.23664014687
0.178974720306
-0.320198808007
0.637262700336
0.24507984284
-0.252786405432
-0.165054647793
0.199731573462
0.291872196217
-0.320045109091
0.194011768061
0.17000076138
-0.200117036979
0.209716415461
-0.298318158557
0.297533217243
-0.184932952501
-0.23742908618
-0.566480365269
-0.464468446962
