-15.7570514203
-13.6535928282
11.7728736244
15.8722133807
8.34666096379
-8.31622905513
-9.84393648488
-13.6367720507
10.070684376
8.87557953351
-3.44760181942
1.56301262223
7.78617417424
5.32822909183
-4.43255534031
-6.25978606922
-2.77571035308
-3.08331451299
4.87599860166
3.11700274552
-5.05288014897
-4.3705033557
-2.9303202858
-3.22832494419
8.25800603649
1.13119542392
3.88042130426
2.16250938538
-3.11872921852
-3.72192004129
2.3235512637
1.53094217943
2.40366591913
-1.39194830807
-1.28392520056
-2.12781382154
-0.710798612796
-1.23884278464
3.12708328531
1.62081782159
-1.20894478521
1.57567074233
1.46481525245
-2.39589482266
2.63717810017
0.986423047242
1.50706264481
2.39592153766
-1.17688725235
-3.34750397334
-0.595742528082
0.762942525323
0.871698660854
-0.954378138051
-0.864653146548
0.464633906596
0.662842575521
0.863986297962
1.43216901827
-1.59619737669
0.86932518782
0.539788469219
-0.666489667427
-1.59996759736
1.848205533
-9.04239654429
2.98055853492
4.09092811361
-2.46506564263
-1.45067086334
-5.24448954647
-2.52282371725
7.48669521443
0.601423448648
-2.77689831842
2.41896472102
1.45695802563
2.43814928018
-1.82094948015
-1.13080387989
-4.26783464746
-1.82294077782
1.97636595613
1.61111750847
-1.07889108929
-2.70392810394
0.97614437114
-0.684434108599
-1.34400044869
2.27175443556
0.602246303227
0.72718306747
-0.703854794214
-0.667023189916
0.998867902758
1.323361016
-1.38084260109
-1.12719069877
-0.623766212826
-0.418046701262
-1.51946557072
-0.691628430102
1.07031403181
0.983107599116
-0.831123507318
-1.49074611229
0.768673394602
-0.549250928525
0.476473272015
1.02365369166
0.535492108561
-1.05465653911
0.814313563916
-0.712318847791
-1.0853083605
0.508594308835
0.54733469041
0.39255709222
-0.695340657507
-0.364484386872
1.13298632918
-0.324890374969
-0.424296469755
-0.814224527732
-0.584547688393
0.569827700577
0.306858601601
-0.365354999865
0.511333816151
1.26324372993
3.01083635241
1.30211868848
0.95279357486
-1.24307341853
-2.52755633523
-1.25424998157
1.74063620658
2.14655493623
-0.819379575077
0.722583507315
-0.81095157591
-0.524197820867
-1.06477469008
-0.334731561087
0.515387620775
1.64258372057
-0.571765682535
-0.69966828647
-0.535937787683
-1.11785791563
-0.659588745027
0.523709182423
-0.353006065378
0.605243000879
-0.786497391894
0.169373717424
-0.261903514081
0.186072995004
0.230876686984
0.226891196412
-0.676050904274
0.490133483582
-0.540609324441
-0.242301176
0.184228727431
-0.715414538984
-0.261759576397
0.276573585357
-0.396750684212
0.299234699891
0.547414112474
0.257368087281
-0.254535972203
0.229154787462
-0.31003105749
-0.229790413267
0.335284838753
-0.214160786691
-0.177515381859
0.454298134046
-0.20724527322
-0.232323144556
-0.0849280991169
-0.248024843182
0.133820905678
-0.302503782394
-0.182726941742
0.172098612839
0.234813403109
0.324022537668
-0.248922708769
-0.119495265678
-0.0824398013418
0.210973739255
-0.458154964953
