-10.0215972949
5.45046443059
-3.57832861923
6.05119196809
6.04778549631
-8.14014504299
-11.3390233999
11.0209333359
10.8035212781
-2.73112054885
2.16856542418
3.0011700897
7.02346731098
-4.55803128942
-10.1222821809
-4.99810564984
-5.27666962653
4.56387377163
4.2534643326
1.56315900351
-4.27977984967
-4.02518669354
-1.92972220115
4.28268602323
5.94391529316
5.17775601191
4.62995434152
-5.70711380382
-4.62337070939
-4.01342250021
2.16908591559
2.51016195014
1.7253658813
-3.31068580396
-1.42504419026
-2.25663593661
-2.12499223492
3.12406669217
3.38434928848
2.45058481601
1.42085310989
1.75814131212
-3.67464510997
-2.44811209938
2.80247014834
1.47470745638
2.3998073731
2.07055604394
-1.96478096852
-1.82631455529
0.924479208786
-1.42413652981
-2.1639956907
0.656493300867
1.66449445571
-0.823420497366
0.651052470735
1.49289210986
-2.58159601197
-1.9784560756
1.70915074365
0.590590786204
-1.25345287036
-1.36710750652
1.1556506693
-3.54276315345
5.15692354315
1.99031491927
2.79622308728
-2.35533588897
-3.15238777409
4.612867712
5.89286140235
-4.19451025071
-3.51890822903
5.32975814059
1.9902352587
2.81205690791
-2.57964850709
4.69453816499
-1.29909742509
2.02623958041
2.07929067886
-1.37542086025
-1.18203241883
-4.05345768372
1.37590815354
1.18069137068
1.68850277604
-4.56682988702
2.9794933158
-0.872196284734
-2.10536045036
1.96703055743
2.90378131209
-1.20093772258
1.18959203261
-0.85790234748
1.54437635175
1.25181793382
-2.11026302616
-0.997836010836
1.98864461625
-1.76646789807
-1.74919347658
0.787458333443
-0.815747751247
-0.81055788363
1.17801122601
-1.03144074883
1.34426585492
0.723060600666
-0.904189900614
1.14160773564
1.56738389573
-0.669292372648
-0.440217028531
1.04536298669
0.398767148854
-0.800582965069
-0.842684908522
-0.370025489841
0.56576904763
-0.881175894416
0.974801089696
1.22857487632
-0.410441416847
-0.467047380553
0.799721183938
1.42042397225
2.17492167415
-2.22717258373
0.484624174919
0.851728494132
1.36228256268
1.0494522995
1.34765241609
-1.4579815734
1.15188931978
-1.18300156195
-1.38207300426
0.80202435058
-1.20798041192
-0.708758484905
1.50984046064
0.282781587471
0.461338328965
-0.527805449532
-0.329540145242
-0.423244608165
1.24138998748
0.440188666766
0.340912460564
0.504318455426
-1.07256309946
-0.609256427447
-0.266921868074
0.636892984479
-0.715879739067
1.05457982692
-0.526149532261
0.394051809931
-0.244214832936
0.634253190578
0.395991333974
0.697556977873
-0.436124976252
0.618226131877
0.657634917578
-0.796236715147
-0.282777778689
-0.328324056685
0.433616450832
-0.241730035831
0.337496525369
-0.571639027505
-0.303828071947
0.318671788482
-0.30546759203
0.520931804594
0.35142538479
0.144460496928
0.272479218368
-0.238423155646
-0.345980072907
0.214201133519
0.141514822023
-0.16831624051
0.396561021211
-0.416405445944
-0.356551631153
-0.120810479959
0.11057100833
-0.227114142002
0.453797104974
