-7.48742505375
-4.22091689546
7.55415095328
7.05628750021
-3.56780919276
-12.795277044
-12.4455998023
5.6978322724
8.41252594865
7.17660345644
2.05544726533
5.35586038457
4.22587196805
1.20782127596
-4.4696573989
-7.21908962018
-4.20442862583
3.82587312663
3.77124103612
3.14321628663
-2.51323186642
-2.33897833731
-2.70623431567
-3.92760789237
6.13264358388
2.13617959665
1.71432900265
-1.22594333238
-1.97137091353
-1.80948377419
-0.566643904157
2.43031945896
0.290950241058
1.03819026968
-2.19133819876
0.828202307955
-1.65113362678
-1.07508941155
3.0895362424
2.58017802637
1.08356586104
1.61323752079
-1.91143820286
-2.74947102891
2.33953943919
-0.49445285403
1.42846306131
1.47687221772
-1.03920495288
-1.77323456066
-0.516941050356
-0.809577405148
0.444378532415
1.16715198843
0.525219731268
1.27159742847
0.977836277683
1.86623621313
-0.797622677773
-1.67350039372
-0.469734204968
-0.659495639923
-0.927389958843
-0.822304715988
1.68242090213
1.80245191448
2.85905848224
2.75466544725
-2.95109282335
-1.81404234587
-3.80180810547
5.10363655945
2.05265325615
0.677918642488
-1.71568786812
3.64009856335
2.97395684421
-1.65540648982
-0.901422501373
-2.21071431696
-3.93227377088
2.48782298827
0.468627733645
-1.05213966623
1.44453592553
-3.23352128146
-1.06294807776
-1.27706243792
1.17418536542
2.52638088432
-0.749662631738
-1.05032195174
-0.43344270505
0.570297450071
0.375150762025
1.29309544837
1.02022580606
-0.802852240301
-0.434704613578
-0.985561549348
0.836998649916
-0.398657021536
1.10845851181
0.482470563089
-1.19545143735
0.374571718754
-1.04516453627
-0.721014836746
0.535725868174
1.40399628896
-0.834065963948
0.995963861099
-0.57793956511
-0.616332045151
-0.367014803889
0.462107536366
0.459762348805
0.342358726904
-0.431499136427
-0.235128378728
1.33005801384
-0.455478057342
0.673099638305
-0.616536413296
-0.843571757996
0.524615722057
-0.537661176678
-0.273885801644
-0.400060185072
0.715279521181
0.798927126839
1.01344503142
-0.931622768333
-0.884525081157
1.02728560456
0.591738007684
1.77306398352
-1.17380937954
-0.567866074388
-0.57008385785
-0.906773672254
0.792897871951
-0.812732194079
0.138772015407
-0.466094969303
1.25771941684
0.365807991552
-0.55749579079
0.457957258735
-0.337910724507
0.724218434375
0.413146724673
-0.434949511961
0.294843024628
-0.611781698544
-0.303622386944
-0.202114660617
0.211498346512
0.193656503941
0.289334418899
0.303579811709
-0.485761914936
0.276463109226
-0.164579088479
0.228977784294
-0.525925147016
0.15679459861
0.12226138322
-0.318991001422
-0.343721729557
0.232418445786
-0.268906841744
0.211808275673
0.286552477707
-0.51432144569
0.354402771139
0.230295500133
-0.318375973811
0.0736977124045
0.169664164701
-0.200595960957
0.0754451174849
0.0922571694502
-0.13712374024
-0.110322247791
-0.425646410236
0.117328385461
-0.203335522781
0.274028612188
0.196562837549
0.153574823803
-0.196114784629
0.103031220814
0.143210241077
-0.312594098469
