-13.1811978723
9.74407863624
2.68480225465
14.3471505193
-10.7409079589
-10.4204028964
-7.57766247392
11.6321866548
9.35042671328
-5.54325541291
2.73234612222
5.72537561173
8.90596096302
-7.47032541268
-10.5533597781
-3.38235403826
-2.9835860416
3.85096585459
3.86054872871
1.92027732854
-4.281700375
-5.22138062601
-2.45194154124
5.39886514365
4.92961927384
4.2484049412
3.99917966516
-3.22797515402
-2.01688891254
-3.67995842608
3.8254205994
3.31545412529
1.98039299964
-3.36318312691
-1.8999629177
-2.01777615451
-2.79339926294
3.25006037491
2.40572999346
3.37859621568
-1.14870255224
1.71190182474
-3.31169603248
3.27875866214
-1.40661783286
1.42743421291
1.08922472054
1.491052073
-2.67863975939
0.777261652812
0.679790815725
-1.17674899488
1.317642051
1.07013739782
0.770479039201
-1.0800775448
1.47279381437
1.48027723879
-1.6337561516
-1.05636054468
1.2268411103
1.23604055347
-1.41139625933
-1.70428386151
-0.789832916932
6.59802797154
3.50939474079
-1.20115160318
3.04956864518
-3.1288067535
-4.04447468756
5.39080642904
4.62132823231
-2.69098189113
2.06637575653
1.88732403486
2.85275576341
-1.59797373746
-2.5296705967
2.48354545525
-1.52679333681
1.93541640974
-1.49509396115
-1.42764927387
-0.899618204581
-3.92503314993
1.24394240047
0.688465770126
-1.22011793008
-1.01681162021
1.21615625214
-0.698928596487
1.01336359958
1.05876660014
1.73428909394
2.27495721495
0.881230768045
-1.32753132149
1.08898800219
-1.06324450104
-2.15733151882
-0.736026271286
1.596281497
-1.40091084134
1.00223986991
0.608663832987
-1.01983911766
-0.978653297339
1.8190884256
-0.566753992184
-0.722045353756
0.779816245976
-0.801097201957
1.45430353587
0.748061179226
0.39519432057
0.589184750527
0.931482970414
-0.646755123808
-0.435659117278
0.895499521084
-0.73667835924
0.578185708796
-1.39441142699
0.511862172876
-0.631694435983
-0.773431296113
-0.447932002387
-0.399381292215
0.583511798381
-2.12133881419
1.3987097176
-0.569111980819
-1.4819868237
0.639473299807
1.2727110055
1.65431085318
-1.13726073364
-0.494976354908
0.697272954312
-0.594265768196
0.725951999963
-0.705806302945
-0.314615161011
0.812492006224
-0.511379207671
0.634548890454
-0.857627592724
0.395610793125
-0.204746051478
0.97700412462
0.220527600792
0.279738143719
-0.602377480334
0.323671777088
0.308564637482
-0.358722210306
0.442524146309
-0.318163931118
0.458550762926
-0.867061377528
-0.542872648863
0.381651357928
0.492038859142
-0.389916849561
0.638808355212
-0.189156812654
-0.536726751419
0.50578859538
-0.220756421925
0.250369196523
-0.343786562349
0.699435430736
-0.685663713731
0.221619315786
-0.155291809452
-0.243757588663
-0.246492769721
0.563850184458
-0.292852914327
0.183606793777
0.283588982563
-0.394559523556
-0.255928789455
-0.169757834608
0.326349860958
0.315726218148
-0.203192585997
0.458595591339
-0.249945955822
-0.227643476684
-0.202316389268
0.136232936674
0.18494372547
0.179855562227
