-24.7300925173
-17.8882145188
15.2185739712
12.4020357525
10.4961785083
-8.15866133977
-13.2076432106
6.83512736747
10.1666343359
6.65246684923
-3.71629090828
2.65978493143
6.73422975761
-3.47813923792
-3.58081857576
-7.14382965914
-4.25893229555
4.44260736813
4.2002170716
3.74948202755
-1.92854498064
-3.57742164083
-3.35161047557
-2.55951835531
6.91905029885
2.45966076099
4.97860382424
-2.93199140449
-3.84380965723
-3.10178135373
0.95712672535
2.92998685959
1.01143840157
-1.10609634573
-2.79315608041
-0.831111463436
-1.87612611
-3.78908213183
2.375730268
1.28158055411
0.840179142293
2.21514264924
-2.75976695603
-2.50030785004
1.98754030607
-0.638003553582
-1.30468505454
2.62260146394
1.62440720955
-3.04854307019
0.4178774787
-0.933581723242
-1.41571741765
1.19783407
-1.01386969744
-0.512716477323
1.33615734106
1.01227461009
-1.0995676073
-1.07125144235
0.98728225284
-0.60252243899
-1.73193858105
-1.68511197681
1.62287580087
-14.6875158144
6.39613980756
3.80546374937
-3.76666408599
-14.4395279424
-2.4581452293
6.27024803362
5.02216012124
-1.58513605189
-4.09814579864
0.784455319975
2.32089999576
-1.79265790806
-1.85244443709
1.16413639531
-3.63234538464
1.77796757592
1.41303565425
-1.79320977393
-3.84202395889
-3.95582746419
-2.11839262756
1.13451169422
1.79105648579
-4.42379763975
1.4606804829
1.81792123489
-1.37509689418
0.409099998704
1.58915724288
-1.09371123592
1.37395840932
-1.26960807736
-1.79806803423
1.27940212467
0.209388892643
-1.53110110196
1.92789451966
-0.720038962475
-0.92261223124
-0.624452427442
-0.806938476421
-0.984297261357
1.5074894994
0.498804289998
0.443031205396
0.797188261306
0.742170295402
-1.28185894279
1.16581682201
0.693239168326
-0.741055713646
0.732566869145
-0.782187522856
-0.784502009937
0.619257380165
0.92443690919
-0.690765100119
0.641348157575
-0.953439200322
-0.542033396303
-0.46579512946
-0.628152379034
0.588395155093
-0.710881737875
3.81322663028
-1.35417157035
-1.28216385395
-0.900766137545
-4.28392196182
-1.48136794467
2.02347096705
-1.53353567864
-1.27382306396
0.915073752404
0.711119586873
-0.773388293288
-1.02838947595
-0.437362921209
0.457807410174
0.821170898766
-0.362670840608
-0.48497469826
-0.700062879449
-0.954106188898
1.25759317709
0.623825708106
0.40501189208
0.670637085994
-1.37224779097
0.58235225149
-0.641107966595
0.179851370154
0.359298320254
-0.245215692833
0.409628641802
-0.660891621669
0.29309065228
-0.391909204183
0.349859130805
0.27519893253
0.462910874455
0.508622148366
-0.368414424458
-0.21028819068
0.172556714058
-0.309700450074
0.225197580572
0.339753351122
-0.418700775576
-0.359026960082
0.305194670087
-0.316184123705
-0.277634653948
0.538143130112
-0.120096882304
0.139691303285
0.232287033249
-0.305998196017
0.369435294566
-0.279043319127
-0.200211274889
0.15065401076
-0.285230687171
0.35973333378
-0.257606765384
-0.203021598303
0.223389790357
0.304136883532
-0.253996668407
