-16.2155280166
6.46666844364
7.70482983091
6.61835495759
-4.02509623016
-16.5071575668
4.04277585165
4.54257446305
5.12740115326
3.7695650045
5.50031130459
3.07817313126
-1.30618152064
-3.04741018835
-2.85088862438
-2.78069245376
-0.772473282169
-0.761774673141
1.52592542202
2.40448866837
-2.26998345937
-3.65192859738
-2.26808409111
1.04130394989
3.06882794015
3.28907507132
-0.508213127155
-0.525456559655
-1.05508867347
-1.19688672607
1.78966961166
2.41105704363
1.86192885364
-1.51692557255
-1.3796115053
-3.90678659155
-1.9195796647
1.44621445276
3.07724876533
1.40169084932
1.98881347619
-2.92724529254
-2.58128062446
1.1207692636
1.71437601758
1.86679512086
2.24653369245
0.711734782684
-1.85285480128
-1.74302863075
-0.604189409324
0.762800772719
0.883958143571
-0.999607565965
-0.344593617365
0.438782036629
1.50637964966
0.799418831612
0.726133766629
-1.16862186249
-0.489767500987
-0.471310961062
-0.272347425365
0.53373000239
0.744688037665
6.30382793801
4.97395251854
-0.30821524337
-3.88632302973
-2.61000065742
8.635529866
1.02926298016
0.740519890344
-0.659476034907
-3.46761795678
4.06489580507
-1.49203056063
-1.60673189663
-0.659962445873
0.609343452805
-0.687507375451
0.380713675202
0.591317421142
-1.03216528241
-1.22660948354
-3.55970305016
-1.29192544204
0.830684870502
1.23730308542
0.877165994207
1.6785113603
-0.926671658299
-0.272233098924
-0.360841089867
-0.435823569251
1.16540164113
1.12424017341
-0.802237183102
-0.895952130749
0.248771615217
-0.957132703053
1.5740956339
0.30230683695
-0.837778958006
-0.961372205334
-0.650677692707
-1.51825491708
0.704959767588
0.940136659658
0.596244955714
0.681546733143
-0.767399454881
-0.508386833462
-0.917995283128
0.530934441689
0.485914180016
0.250083787598
0.223275754035
-0.797301353314
0.411288958766
0.487246988987
0.869957895023
-0.450515744067
-0.864252352209
0.646228187053
-0.520359090156
-0.302071794715
0.14489538013
0.393274767922
-0.395363354962
2.91578077934
-1.4053573677
-0.702878753843
-0.894526946591
1.04249022742
1.67420268261
-2.07432712026
0.238121189085
-0.935147315602
0.75252487247
-1.04752561011
-0.364685876194
0.310958857163
0.394325028152
-0.26226417102
0.531954010617
-0.169014288058
-0.251546020947
-0.382786125783
-0.242789523641
0.722370055648
0.223344858779
0.484186641479
0.147875835301
0.175558689368
-0.898581155349
0.357958492013
-0.102386237537
0.109064694968
-0.147174436337
-0.338130423071
0.313602907781
-0.481619339127
0.26275219958
0.135127305365
0.617074462202
0.421072291044
-0.302214577201
-0.290673137035
-0.31334378941
-0.602330184218
0.555803671167
0.453822213679
-0.0968505967523
-0.352866302934
-0.302486858384
-0.243855219518
-0.0848162876146
0.362232431204
0.179697214818
0.184065392322
-0.0720634205457
-0.248740462787
0.140311047945
0.239523544778
0.104839816579
-0.0818073049328
-0.285188025501
-0.126766285952
0.220131751505
-0.0971029823182
-0.0510351640816
0.124617333098
-0.163450857166
0.203407969292
