-23.4311762128
-7.09154506618
8.29834479736
8.62439907398
-11.7067287863
-12.3227880446
-7.64886032478
12.3391952038
11.903744696
-3.32036824717
5.13392683376
5.66917598533
8.79737887314
-5.68058909188
-7.95223511404
-4.87228418104
-5.14344605908
4.70903202093
3.6189524125
4.5388723919
-3.08057609245
-3.07010053864
-2.95423189212
5.19526198198
5.84194241796
2.74293981332
3.29710006456
-2.77654651087
-2.42605083529
-2.27766202452
1.55563399901
2.30305002103
2.72003842866
-4.5115777693
0.818830307678
-2.53985356933
-1.84844721976
4.50270029653
3.7523479225
-0.927994995871
1.00919184251
0.727122694488
-2.14126215918
2.52806470131
1.61490315967
1.58611167052
1.02858153617
1.91347318829
-1.61042392546
-1.65634430878
0.644775036108
-0.605038075137
-1.12288694261
1.02985453492
-1.25027255812
1.4157205661
1.09610432045
0.794678997983
-1.93279921025
-1.03298247443
1.2436023752
0.818729091869
-0.899147594154
0.797152491578
-1.40725428965
10.6264761848
4.36130848684
2.33092785444
-2.30611356881
-3.98168751313
-4.81071199411
-2.41634541054
4.34403803359
-4.99532936349
1.84510692917
3.38510764751
-1.10202133407
3.50274171592
-1.41692556303
-1.07661907717
-1.34064140494
0.910457721872
3.2014979333
-0.696556123826
-1.27389457828
-2.8739908987
0.553840173402
0.936554363302
1.88742947052
-1.21968055792
2.70277099936
-0.881722930766
-0.892610990146
1.09267379556
-1.1257700362
-0.844368522234
0.865706658056
-0.923135330168
-1.12180272046
0.480030784559
1.05341559229
-0.626323882739
1.75387229102
-2.07058432152
0.603300131593
1.00227487337
0.641300046603
-0.981415995464
0.799747881781
-0.725564512542
0.766355772511
-0.496444441418
-1.05800397093
0.915629700415
-0.504679025171
-0.453346773526
0.336504960932
0.663954005798
0.936925723581
-0.761403509054
-0.59063115049
-0.556160612422
-0.503007535395
1.11657527073
-0.444633541921
0.54822394814
-0.355673775624
-0.43128763924
-0.747865165043
-0.576335885875
-1.8842216122
-1.6072996852
1.07308497342
-0.721020239589
1.55583519344
1.61870175866
0.557395654489
1.19031779639
-1.20268090952
-0.767314515895
-0.672089536121
1.06403712422
-1.31405748728
-0.538864761408
0.977620324463
0.558930526439
0.712862145116
-0.86680390146
-0.26506349027
-0.405395172712
0.775148178241
0.207679635215
-0.311750910956
-0.441665193963
-0.874885957833
-0.734813683256
-0.210402878845
0.193816112697
-0.433844311582
0.513532322438
-0.256383526184
-0.274770628664
-0.331034983903
0.448846954289
-0.241005254921
0.311570054706
-0.146010352768
-0.534052032886
0.809863436028
-0.36731623883
0.296383468612
-0.184585951353
0.330295646642
-0.226880160275
0.376039172222
-0.370218731466
-0.186923286311
-0.295284981895
0.285105962823
0.179151910009
-0.245155649166
0.185611640061
0.254051626002
0.306343581168
0.341130313126
-0.244117805853
0.116884746662
-0.142735184583
-0.388248883307
0.199228088372
-0.131423611879
0.0983168375641
0.113043491419
-0.272058638355
0.259537842367
