-13.8315990684
4.57961427128
2.72987095601
2.95270624543
-1.97489817817
-13.87572772
2.65012573061
3.46660487028
4.37827536287
-3.72715656943
3.81604171516
3.69918352152
2.71454975782
-2.87970991511
-3.84480736868
-1.56320473262
-0.639914015983
1.4546927788
0.943564753098
-1.10154401963
-1.10904138573
-1.13974512857
-3.57967025117
-2.05995234869
2.93441608754
2.41584807598
1.01170751582
-1.20825789266
-0.645070874998
-1.80012873242
3.37969933448
-0.639394052123
0.838164454892
-1.42920499799
-1.83720826469
-3.02431227774
-1.42156327659
1.19432857522
2.2758391297
2.24600154742
-0.31810627982
-1.43447181489
-1.6604630918
-0.672587995405
2.47544519926
1.51955920825
2.14310674478
0.827248418512
-2.62600354976
-2.31475596812
-1.05799054471
0.591514390454
0.451900499201
0.684995819872
0.684099047589
1.37190772061
0.473830443797
-0.5394612683
0.411377476986
0.800408987766
-0.505432610754
0.130368549331
-0.56034155174
-0.166301398339
0.736288238918
5.59830871861
3.60729795125
-0.828187379483
-1.90844274763
-2.32511411147
7.93376600981
0.881065964648
0.541719765464
-0.629341239139
-3.28792387673
1.78982499697
-1.25927116245
-1.2306129945
-1.28968395716
0.746327291113
1.01495443707
1.04730339739
0.378114999634
-0.753623847406
-0.268930538958
-1.87148603622
-1.36899867821
-0.792204896128
1.72856458169
1.08908247353
-0.816326438682
-1.10998270424
0.611171765546
-0.787713819706
0.883232501101
-1.63378525773
0.738779253508
-0.397200618967
-0.63892326899
1.16300479669
-1.44866501031
1.07170240099
0.813156189869
0.344667650824
-1.37317814282
-1.68956612151
-0.527282646779
0.493937548199
0.528126265935
0.919643066108
0.674593900235
-0.479865587506
-0.915240423913
-0.756909160017
1.20488775647
0.469905310675
0.354847156907
0.17773057581
-0.471756073578
-0.686559002918
1.04784013855
-0.695382099114
-0.368800833226
0.5817410814
-0.751066196441
-0.497144571544
-0.345355050535
0.411959766459
-0.226679234045
0.531151686573
2.60900288906
-1.83881496876
0.481134273209
-0.671088488687
-1.12589987338
1.16164140013
-1.80139840728
-0.237924072451
-0.891578051245
-0.711762228593
-0.963461270893
-0.295065629707
-0.393393202064
0.505910431201
0.891661494398
0.317991927795
0.20498293784
-0.352365112107
0.170233407628
0.212954610939
0.52064219271
-0.461628169663
0.630192369453
0.0440721899378
-0.709430033548
-0.216932962963
0.124228901735
0.24764733463
-0.349721396313
0.34416683727
-0.470259819719
0.59314112781
-0.344425630624
0.45048201642
-0.149987961631
0.495630249895
0.301705314246
-0.162267369544
-0.429461448411
-0.113724653171
0.471680687837
0.166523731441
0.190908362921
0.0978792000431
-0.48940816735
-0.258121365649
-0.368783851412
-0.203843388551
0.488832441346
0.0696771354179
0.2354858165
-0.17542647741
0.0870870648257
-0.15843743173
-0.120340324988
-0.328152340787
-0.150267314456
0.132538307427
0.237635478657
-0.197423854019
0.184838982606
-0.0989838977719
0.0693094317192
-0.159659750126
0.137169535908
