-16.2482505207
-17.8547519082
-15.3774853871
24.0160784271
23.0885816934
3.27663404207
3.58657060337
-7.89775665833
-10.7214038521
8.42008645396
-2.54651151685
-2.57255364584
3.81917653236
5.66831117696
-2.96642816468
-4.14179998358
-3.87666102856
-3.05295070617
7.68324201867
6.57256686544
2.63995875075
5.30560426254
4.41825926582
-4.71834845132
3.15900015406
-1.22379496717
1.38288031924
4.0860370777
-3.80228047344
-3.01660416485
-1.15585992942
1.25534149694
-1.73454974072
2.57817559987
2.64236396271
1.89963235507
2.01874391377
1.27321829548
3.19281546115
3.73561422504
-1.88084007527
-1.94698689896
1.99136076796
1.60298925662
2.26125057117
-0.66004421074
1.59814307078
1.51630798541
-1.31656550024
-3.06473970024
0.897493828616
1.21004755771
-2.17904314224
1.12161139722
1.52495335416
-1.32647042857
-1.62982074752
1.36502007997
0.808502722342
-1.06964161816
1.21389948508
1.49210303289
0.993379444776
-2.51876723715
-1.19533402711
-11.1289006753
2.76380768311
5.78819540968
8.10010600366
-3.03427587504
3.50354527291
1.73613057164
-3.97050812952
4.56145136781
-3.95255675705
2.12611741059
-1.00264557994
1.79624162801
1.9813424302
-1.18703952468
-3.81969189802
0.995852992363
0.906441062374
2.14722159763
-1.3052877501
1.17042292804
1.64397031252
-2.09709620753
-1.82494836374
1.54580519137
1.63511777632
0.859651323862
1.08143452138
-1.29381916326
-0.976132352795
0.777742950888
-0.974951740335
-1.17991821072
-1.05825415554
1.66545372146
2.93694646809
1.12365448116
0.689792156773
1.61589462428
-1.75238380705
-0.905095521436
1.08760002382
-0.810482730439
-0.709812930948
1.06154244985
-0.599926666517
-0.616440957485
-0.557209289963
-0.670589496776
0.915025263084
-0.722686887838
-0.645603521785
0.947059523255
-0.776908514957
0.928035319199
0.96008228149
-0.578128100136
0.648694004724
-0.576936068808
-0.419294541506
-0.699587824754
1.36485866527
-0.708555901046
-0.888148090359
-0.643243220732
2.83289952753
-0.902711035549
2.65549486858
3.15296903302
-3.25581955508
-1.05832103141
0.590759381787
-1.49060699184
1.58567343914
1.12366496443
-0.838929060627
-0.37715982892
0.441999965571
-0.863477577883
0.752911976999
0.86589424232
-0.268855709285
-0.272600586037
-0.71295358794
-0.547863552869
-0.332380103689
-0.580314891256
0.618405988596
0.623309464104
-0.426020965404
-0.544543985556
0.36093486733
0.389336307296
0.466455136849
0.516955703831
0.245228674485
0.382596334315
0.299489965854
-0.463767474295
-0.523669854152
-0.868486220857
0.377454091079
0.265941330434
0.510172086432
-0.504015859445
0.406318086042
-0.315109913998
0.219803797702
0.271146185975
-0.318071507095
-0.241902531668
0.233874770167
-0.168236700248
-0.239172317783
0.317162270307
0.287564664769
0.320833845849
0.461711647302
-0.316300341239
0.181444175001
-0.399348063772
0.250960248383
-0.201233864176
-0.162087693989
-0.239199460648
-0.258234199848
0.400833234907
-0.227594266337
0.379972716078
0.263760661328
