-20.3061405175
-8.03292263673
8.95276423111
13.7878773072
7.41928513984
6.73060842856
-12.3007660687
-11.3310647601
9.44317114051
-3.78119154642
-2.04043021025
3.23887151563
5.51647060134
4.70406877698
-8.05256063793
-6.53233421806
-5.35211041802
2.2607290404
5.56698976498
6.24372118582
1.27618493039
-3.84609919643
-3.07234087126
-4.19896719057
5.20370043941
-2.344810059
1.18538102301
4.63204677999
-1.72742325244
-1.90769819978
-3.07221556171
1.7243486347
1.81791280896
-2.76766802253
2.76045840597
-1.34510299618
-2.04158063863
-1.94943768674
2.81430659643
2.95173771147
-2.95749215594
-1.91973552259
3.94143367335
-2.07917273258
1.60878151088
0.695979755113
1.55376824304
1.66078105626
-2.31361074104
-2.50378978286
-1.73623345618
-0.859798665977
-1.45723681581
1.10313653837
1.85759926038
1.63916063514
-0.682407957167
-2.76250303816
-1.02877613328
-1.4312217579
1.16877191053
1.90314684718
2.46820517985
-1.60052022245
-1.87638849398
-6.36428552879
-3.49432602438
3.46682681572
-2.26830387404
-2.83639627013
3.73338603448
-2.69698261909
6.65540388328
-2.59083844797
-2.92176587406
5.83263429481
1.730162422
2.93889060106
-1.72123047023
-2.01384412754
-3.77673621729
1.76591285987
1.42636532478
2.41482289156
-1.03963113036
-2.01746381624
-1.90327952571
-1.75999054372
1.8080072578
1.46878626096
0.733169731069
0.794541897069
-1.23444846468
-1.4039465802
-0.564114955534
-1.85045332818
1.21710122439
-1.03584373505
-1.05527589481
1.3400416999
-1.15730178755
-1.31498075772
0.489351789005
-0.951167009794
1.37726623881
0.973464607028
1.11693121553
-1.05736544687
-1.00637432354
0.778500673845
0.439728004238
-0.441929667384
0.695700766703
-1.04563750306
0.744906763154
0.597470511826
0.591053353454
-0.586032872727
-0.554653310348
-0.702666753241
0.555336067625
-0.564749335192
1.51991765969
0.528475843424
0.73296261344
1.00764593037
0.872158810411
-1.21060854156
-0.534094655967
0.931241217531
1.94656374872
-1.20682108385
0.775888324272
-1.32825102147
-1.48550208083
-1.15265523911
1.30180167403
1.61740421738
-1.51378460719
1.08180313077
-1.49024911854
0.62257980793
0.963867570745
-1.16503026782
1.66877660144
1.38024310546
-0.49629426319
-0.485139590621
-0.574517166959
-1.44042220193
0.533779689163
-0.455981708999
-0.466466941079
0.891999450379
-0.495720566255
-0.249017410796
0.249394411817
-0.442939926784
0.362679121575
0.184037019726
0.518658326057
-0.386517168227
0.370444390052
0.347442103934
-0.545330437039
-0.502745114355
-0.537798600339
0.271349727221
-0.377093293656
0.529689104557
0.354551374687
0.337933300418
-0.472310684556
0.377623593335
-0.401088537086
-0.173285786329
-0.217705977837
0.257129322418
0.330863000131
0.384946769994
0.330980302678
0.219681591542
0.26763444409
-0.137642397243
-0.314941986493
-0.253680274615
0.186675113864
0.420565969612
-0.269540169754
0.272924385108
-0.272859193764
-0.320030154365
0.427874005494
0.304405337619
-0.450914429677
