-21.5530628374
-21.6064401089
14.4956727182
16.2556879969
10.678556668
-7.67346323358
-10.5349761656
-10.0341342143
8.23419394432
2.47665421913
2.50083970527
3.52133751602
7.1383895906
3.76058028939
-9.66189474264
-5.00476021114
-4.64066092978
4.01488545162
3.83904829611
4.11383074945
4.55340537331
-2.29782166774
-4.39752465958
-4.92055934974
4.90607287153
2.06330559826
2.08519506569
-2.54791209321
-2.81495646607
-0.957543364241
1.01453911519
-0.820140792937
2.45369819505
-1.79782172962
-1.852754158
-1.91945558832
-1.39160900508
-2.77919170068
2.80735936
1.49183832908
-0.581333591134
1.07352350683
-1.99439212051
-2.50957033658
3.61088066573
0.732432496489
-1.63397700241
1.62345872021
-1.81547577669
-2.4018927049
-0.613085533554
-1.41308109708
0.842237171736
-1.10470383552
-1.16931934581
-1.35062959833
0.855837919919
1.11314790797
0.325896895975
-1.20736102405
1.34596234496
0.829653860963
-1.40326591766
-1.57925744862
0.829575373062
-11.9195869128
8.76772733442
5.02406228896
-3.46431155403
-2.3897528698
-2.90962589506
3.32943367224
6.35242226881
-2.06248650188
-1.93806201002
5.59894221361
-1.40279315601
3.30376719682
-2.00417750616
-1.80363946608
-3.16851669712
-0.766916891424
2.73845570817
-0.602194089166
1.07751316867
-2.05804838742
1.31464178116
-1.83946855706
1.52245043476
1.73644644828
0.801115827339
0.96652264245
-1.47079034289
0.664451231232
0.959609850389
0.590748012832
0.526448151515
-1.36256337505
-0.988382870074
0.808139289058
1.43954225499
-0.534522363309
1.55196929192
-0.567516265149
-1.25299074382
-1.23340380423
0.771544992767
-0.749928493718
1.00875047119
-1.32533583715
0.522885564445
-1.00635038649
0.759459286399
-0.734940251101
1.35301143937
-0.518876139182
0.982954653252
-0.555615631667
-0.649185045859
0.638062153517
0.871806225939
0.335804392897
0.448740820964
-0.576349116788
-0.355616531303
0.363197176288
-0.453705731664
-0.531469868344
-0.501953967354
-0.463666109105
3.81528344074
3.43246884366
-2.03364560117
1.06719184966
-3.44262674438
-0.781876247657
-1.42452216651
2.31833552475
-0.601063721028
0.701424888288
-1.47354276444
0.574413823552
-1.32698617575
0.382604609357
1.63431677994
1.25859611051
0.289909967103
-0.835162449335
0.194423989921
-0.826423549369
0.620191319146
-0.488275645781
0.40975575358
0.501094001749
-0.60713965755
0.297929156154
0.350357763464
0.399096395474
0.312268092489
-0.263561349978
-0.215662009225
0.399331617862
-0.472252881641
-0.388501844193
-0.383474948475
-0.550511186988
-0.23293297656
0.490206718318
-0.336137130192
0.368248666389
0.437263161377
0.303351072967
-0.317140647
0.21433956404
-0.530305174375
0.163796216248
0.347102313475
0.312483131199
0.389784199881
0.403657817158
-0.187451436173
-0.345811430025
0.23036875879
0.255767250705
-0.229674096982
0.30685568931
0.219557926156
0.138859019704
-0.149946550321
0.200934798786
-0.131098995096
0.112297540538
-0.228863683069
-0.243286865649
-0.231060187923
