7.37054809099
9.84870461999
-10.8873133699
5.95855451544
-13.6669531259
4.45012574649
4.30556005938
3.92350357441
3.98558970143
-6.05381630094
3.46246069724
-2.61465455649
2.80492493722
1.3279038868
-1.95557452104
1.65147923334
-2.30932356382
2.04138694956
1.9562071068
1.71778346178
2.23753632834
-0.810151338622
2.68321440992
-3.69847559197
3.00344268938
1.06160771665
1.2843406442
-1.6343423698
2.27499840391
2.34303689534
-0.939723058873
1.29851367787
-1.7449120572
0.897528353447
-1.00944767847
-1.17007183342
-0.802185656064
-0.80046010277
-1.40019716831
0.733223788444
-1.94759632499
-1.74078883354
-1.36715279307
2.70171566255
2.13567291985
-1.47525168055
-1.58812593764
-1.57340174966
1.31812440558
2.43614568514
-0.759068274604
-0.905522709703
-0.973990315051
0.974176861241
1.18227311143
-0.515006442823
-0.672736340411
0.97150145087
2.03699149412
-1.31159859457
0.415017109531
0.836623076454
1.93016395105
-1.01170381838
-0.872236353799
9.03055655131
-3.91317823019
5.63819533907
-2.8021875413
-3.53067516071
4.06993440055
-2.37440598764
2.71957841676
-2.01989065042
1.68458984884
-1.6884923238
1.40459074113
-1.45023363141
1.20591569333
1.03138027316
-1.0499401534
-1.11834831653
1.83043390715
1.21968045795
-0.834345836008
-1.3207288644
0.763971028381
-2.1745436534
1.37853915069
1.52064145553
0.684990542984
-0.951469371261
-1.12587643961
0.90178670788
-1.46280312934
-1.01767094051
-0.758488580601
-1.03274959029
0.303629226331
0.766530479408
-0.692258735029
-0.627137829053
-0.621315090336
0.897318400199
0.39410740354
-2.40485992211
0.398700907406
0.974320851898
1.21334575791
1.18158154256
-1.57810706736
0.318154989995
1.12559645639
-0.412956596107
0.95795017526
-0.433757907403
-0.208891579488
0.545001477065
-0.776930818582
0.308245170032
0.656071514527
0.540362230677
0.732904057404
-0.860954558019
-0.583793520536
0.443174903743
0.435407283998
-1.3318806775
-0.464304799242
-0.352461329895
-2.33463211325
-1.50991062961
-2.11009572009
-1.07303999282
2.52263437827
-1.34195568267
0.913948608503
0.800957700041
0.610435350517
0.678388217238
-0.655870898095
0.65667034197
0.581335914194
-0.361306803835
0.325195381677
0.449599006058
0.418646768584
-0.688048996764
-0.489592630698
-0.285216987872
0.521174973196
0.411725699151
-0.714296876359
0.351743079696
-0.668308942125
-0.457453031318
-0.235700215387
0.283386479739
-0.352813341345
0.57472638648
0.166548203531
-0.22316047934
0.363989067044
-0.178309393385
0.37926259305
-0.327037772541
-0.267490643394
-0.172320972738
-0.317437262326
-0.287614217505
0.598017516497
-0.124391709939
-0.220274040518
-0.476462965308
-0.724111481462
0.501032669695
0.229019543838
0.267297310507
0.138172463087
-0.62121495631
0.232535140332
0.132452748224
-0.18572549251
0.316624007665
-0.230760640708
-0.191182403528
-0.162961614092
-0.277715000607
-0.301247728766
-0.186045127052
-0.139214405654
0.12929655672
-0.410628870817
0.196643055453
0.202078013854
