-19.5450092663
5.66215919724
8.7293015525
12.9241756296
8.63231381462
-14.2822346737
4.67292398666
4.97465334266
5.41164068962
4.00294928659
-4.21954980405
5.52902749469
-3.62840169931
-1.9374262782
1.20017267846
3.29808382432
2.76123023127
-2.83285542714
-2.98551899173
-1.81132672863
4.27814589268
-2.21918838927
-1.73367057781
-3.37130971711
-2.73280984573
-2.69052079511
-3.01193136123
-1.17602662926
-2.13166982624
2.90443366058
-2.24417888463
-3.44943817984
2.02027160721
2.36933169756
2.00762823553
-1.36969792714
1.99520726115
1.63831359536
-1.77551463306
-1.22215313625
1.1203011263
1.65325682887
-1.6353278109
-1.6489673947
1.08574544751
1.77413620073
-1.48825799118
-3.0573565775
-2.21870145454
3.22967016968
1.71959956092
-1.69761707805
-1.56539671499
1.10552807297
1.42872843426
-1.84664474145
-1.0196708147
1.79305562259
1.43919957645
-0.996992648342
1.54046526635
-1.14854012739
-1.72112572987
-0.911830775214
0.97098421269
7.20876127982
3.03254699793
-3.44384295377
6.45047110445
-2.94928545187
6.25813931782
2.21321630832
-0.974536803918
1.33336239861
-1.19630935876
2.57051418539
1.87285072557
-1.41863522149
0.904600313439
0.947267405996
0.697072208547
-0.943615832353
-1.1740523731
0.720035125146
0.788055150602
-1.41691028854
-1.00277997344
1.46569955426
-2.10689204227
0.95435757135
-1.41177484177
0.801825951052
0.952944874232
0.779779615232
1.02019954887
-1.32498596488
0.796366504818
1.06146169288
-1.87716305723
-0.660171399041
-0.670888021884
0.614757859179
-0.671959814848
0.840812408194
1.00261804905
0.380900794374
-0.585675441833
-0.910323965871
0.702857145286
0.895228756818
0.609727838342
-0.600400364634
-0.522032169696
1.04173872732
-0.889792045042
0.96602031605
-0.846733281075
-0.957886029977
0.641599068234
-0.887347409083
0.919227266349
1.05689515557
0.685145780696
-1.05511845799
0.4788067541
-0.733388593822
-0.778622342326
0.970623789985
-0.844066078788
0.395166356567
1.85812527871
-1.36167241962
-1.33976018937
-1.91862611643
-0.64622581988
1.51972933405
-1.47860960579
0.290039098842
0.528169846132
-0.218462489944
-0.755451597788
-0.833105025094
0.54916002217
-0.240514686428
-0.259744372138
-0.286070081677
0.331954298872
0.40780812218
-0.231483097841
0.146418997045
0.423903223385
0.407755293329
-0.291510153005
0.678835400957
-0.206550910834
0.550065528811
0.322840222903
0.282887806485
0.340683420539
-0.417060557597
0.489768743195
0.370285209955
-0.396322133021
0.536098824447
-0.295688619346
0.364639200999
-0.268631766896
-0.195824731366
0.294122517128
-0.342333343312
-0.120819121327
-0.168226171644
-0.405940976832
0.216350748334
-0.273275673173
0.227404149945
-0.267343738015
0.176927119817
0.344978874347
-0.348410774299
-0.331604977051
0.235743999606
-0.379895462789
0.214465130751
0.248686334809
0.295496897138
0.237660610809
-0.338289021105
-0.213215822568
0.326084404808
-0.273241114284
-0.276199582638
0.303399015519
-0.453672467193
-0.177366879852
