-11.6137883784
6.36311677678
10.3558311442
10.6276617524
-12.2001785105
-5.09497108343
2.9156665988
2.98899716365
3.03178487002
-7.34007363076
5.7320395275
-1.59585679362
-2.83966251162
-1.614548327
-2.1723464447
4.72868696111
-2.20506466614
-2.11220892468
-2.40345576025
3.8021093217
3.6634732958
-1.13315758344
-2.24540992454
-2.50990687118
5.25036872604
-3.34699432012
1.2723196648
-2.21032218693
-0.921982546044
2.43193508286
-3.04189873554
1.11589875855
2.17998849333
1.61109077879
1.05086538967
-2.15550675042
1.0479347472
-1.51852760674
-1.3345831621
-1.09654160854
1.57665466672
-0.959898614337
-0.994550070685
-1.6098349923
0.659881098382
-1.35594050045
-2.4787293859
-2.04164558205
2.34392017305
2.46305566861
-1.8257018223
-1.64463035387
-0.766074536958
0.489707228139
2.49385749937
-1.78566772008
0.538033666344
1.97109424257
1.95692890846
-1.26246449352
-0.922345206597
0.820118427365
1.08807202029
-1.0348245972
-0.868140533175
6.18858290451
-2.89983734082
8.99824063211
-1.66847249348
-2.57986237207
4.72910570793
-0.541112741947
2.92505431845
-0.447083320008
-1.75524492136
3.39868811422
0.994434206038
1.16224538004
0.706056486998
-1.42517593012
-1.61613686691
-0.660916530102
0.980818058996
0.603287146882
1.62905830602
-2.16203655477
0.501763088016
-1.79388741204
0.880361419262
1.42703101418
1.1387586754
-0.811704893529
-0.732254903375
0.624671659225
0.965654012469
-1.35620434294
0.757970727884
-1.45133715836
1.19803053929
-0.413514930785
1.21110530428
0.461614895715
-1.04304392007
0.509103198191
0.808795401956
-1.02398654972
0.434975172715
-0.476140533127
0.85015350417
-0.418557881339
-0.72891013668
-0.607868706154
-0.951982782721
0.944470044774
-0.475531542605
-1.58474965452
-0.585140288531
0.331014705823
0.355356133678
0.725598326796
-0.854198317657
0.230667352853
0.927208802193
-1.2445824635
0.693705959342
-0.354020186538
0.496684944659
-0.816713713374
0.459771357122
0.527188816207
-1.26970501081
-1.20768882446
2.59945349491
-2.52499079817
0.390248420405
-1.17412486292
-0.22142849692
0.957371314249
-0.767673213064
-0.254573677496
-1.02250071635
-0.342046439146
0.405168341008
0.280023686455
-0.53280810428
0.311624635839
0.278931661111
0.40012637455
0.307717072154
0.419879509373
0.538300332305
0.146581695163
-0.675673391417
0.50476985907
-0.281461293897
0.62916219541
-0.179159184789
0.306996006182
0.199778128136
-0.363531992929
0.603581636553
-0.384383539961
-0.653596290573
0.427578323215
0.19086594205
0.576826527239
-0.167337521701
0.292005724606
0.230025635591
0.169869600547
-0.275523773174
-0.12361116379
-0.227778926461
-0.317177846377
0.218815656641
-0.167894371111
0.305192561862
-0.37740148152
0.253268236609
0.178671510843
0.360083027516
0.229038748588
-0.185272724282
0.124889976595
-0.246239938118
0.252252423539
-0.146526846955
0.220972487435
-0.20505092506
0.383594712384
0.157022693238
-0.185188048887
0.138420078638
0.261015105722
0.163350008029
