-18.0660929723
-15.7078088236
14.1942517126
14.0743206115
-10.4114287808
-13.8880939024
-11.3947216034
6.77664215046
7.67950945248
-6.84655416492
-6.14383625502
5.60435645226
-2.48392089989
3.30872322782
1.98390003346
3.52891671781
2.95690881244
-3.45284853343
-3.4410734354
3.82687608222
6.09221368518
-3.21487710773
-2.36562567055
-5.13266257326
3.62832738382
-1.65357938949
-2.86962713096
-1.35954151239
-1.8616498258
2.8907698368
-1.75805963798
-2.45680350982
3.54335358551
-2.1420685252
2.40858241095
-2.0828573038
1.70957748285
1.91059377031
-0.909920781235
2.67916675474
3.80742706469
-1.31663316672
-1.51014055225
-1.54466134049
1.78595023631
1.66517779887
-3.37219857188
-3.2687783461
2.29996262759
2.32526026905
-1.64290896459
-1.50237841204
-0.779195925057
1.64550077321
1.95177560502
-1.84909083937
2.72322023027
2.75504704808
1.97546712541
-1.86962562986
1.87245283752
-1.04954730455
1.09174264795
-1.30379970643
1.15998957548
-2.21322299591
8.5160818362
-3.17998033561
6.57851611753
-2.49399308899
-1.85968528273
7.56306949584
-1.25714991957
2.46364532068
-1.68047266726
1.56103542554
3.03514249212
-1.29763786576
1.89809115885
1.09512627517
0.738180092969
-1.07511410626
1.10933412587
0.826163435661
1.63794495244
0.890754961009
-2.23045167092
0.737154116549
-2.10159875719
1.54537004594
1.28834736729
1.0635887725
0.680743987727
-0.914311092057
1.2737714986
-1.03922880923
-1.46087825048
1.46852704074
-2.84271105535
1.28790771231
0.729885108925
0.933839247052
-0.750139716648
-0.762735117501
0.936512147974
1.55111824838
-0.835647287918
-0.881812861802
0.899330050132
0.710488113729
-0.52360187858
-1.032176362
0.547289826147
0.865804885861
-0.597422617783
-0.754935363505
-0.886901356688
0.596347948382
0.500441117306
0.506370993996
0.810239858246
1.0626175822
-0.534974631399
-0.880142141014
-0.412735533174
0.927866530503
-0.717889650739
0.970292834095
-0.840991489713
0.536715764245
1.209797325
2.35914176809
1.87495135781
-1.73063923499
-0.5618078994
0.986957797957
-1.87030478851
0.623289275272
-0.656940529774
-0.568710700027
-0.679549957066
-0.812075863279
0.555314671138
-0.479928915024
-0.803036805616
0.332841089568
-0.327275277012
0.529459208132
-0.317854244343
-0.650482371876
-0.435066236075
-0.571981935622
-0.637625093792
0.472062627467
-0.35669157927
-0.54799387835
0.529040628152
-0.324884743038
0.225452772722
-0.533973520977
0.337503574258
0.509042722842
-0.913231050517
0.805801385557
0.441683224724
0.437397355579
0.354633467408
0.335470353535
0.249560402712
-0.37333073949
-0.588424513564
0.376522289907
0.238570271265
-0.330584495941
0.276148869695
-0.247136314127
-0.311503905438
0.228677136393
-0.318913042353
0.296992296886
0.373008732417
0.366376436217
-0.243926881259
-0.204593807115
-0.24337228139
-0.353067256653
0.333047850417
-0.266031448798
-0.269643605608
-0.184376802826
0.3349573457
0.282865454707
-0.426390688565
0.271415576647
-0.208965395187
