-21.8428457364
7.283645042
7.57033322992
12.8166697302
-11.2439947664
-13.9274751413
4.47066380363
3.80610533451
4.19587375306
-7.93797563629
7.25754532352
5.97398331585
-2.48789059761
-2.82507518838
-2.29407291703
4.97219100759
-1.90413530106
-3.17652954434
-2.9775443216
3.60827166458
4.9031797342
-2.74525413107
-2.25640264089
-4.55418029324
4.56822991845
-2.7696709373
1.63887909669
-1.69713223525
-2.08827162239
1.47696393998
-2.56155432262
-1.42380838654
-1.75921760099
2.42533389182
1.87449941052
-2.07095604268
1.2127864656
1.12369642616
-1.88796928445
2.1930497326
1.29094984464
-2.25740844599
-2.60206522504
-1.2344950065
1.98901552057
1.84513605876
-2.13849906231
-2.68153797134
2.33059537623
2.28234318948
-1.44563346703
-1.88833095944
1.49061331002
-1.23350306057
1.11442802886
-1.92604099707
-1.19087038089
1.19513730651
1.23028283826
-0.720047001403
2.02107446544
-1.47924300901
-1.86446781148
-0.962671148373
1.2474381487
5.39807835726
3.35197335711
3.81849333666
-2.22492510779
-2.32882376155
3.33551214308
0.657444287481
1.18552557648
-0.472321776479
-1.63134313414
2.0440327729
-1.82759577264
-1.20650630432
0.906937965089
0.945451449402
-1.46937426993
-0.80394408362
-1.05018018681
0.524462142078
1.00003625622
-2.31747626901
-0.758206907234
1.03578013522
1.24969627798
1.08111739666
-1.69281181105
0.770480595799
-0.87107620349
1.35766071603
-0.65688787658
-1.08847232143
0.494491986458
-0.965904637208
0.741394613579
-0.607195830636
1.0499878126
0.403144490852
-0.714562933817
0.720606892452
1.37745743061
-0.710961409737
-0.812091544985
1.16276382409
0.933555800196
0.988587941913
-0.869383626811
-0.64588793404
0.796277976402
0.705809194677
-0.682985683305
-0.980073633631
0.617626348655
-0.767122966109
0.518547215527
0.556337656239
-0.66916031574
0.699716051254
0.732512771201
-0.327112273911
0.354823932645
1.14105606042
-0.554307927593
0.966610997496
0.575949030551
0.600257647503
1.88004850567
-1.37113394237
1.27572974166
-1.01202207808
-0.922202104294
1.62823447244
-0.34296096942
0.396020021998
-0.343355543426
-0.386520653137
-0.640981201412
-0.551218774481
-0.388548438034
0.30697871466
-0.276482507107
-0.583019156004
0.266522813292
-0.306238920287
0.210183606749
0.278437209496
-0.80769742213
0.352303554677
-0.365577861687
0.528760096432
-0.519734805111
-0.764595875587
-0.270432682437
-0.336284171433
0.401828273348
-0.494713255645
0.267045323174
-0.18160021837
0.304453642655
-0.325096498207
-0.172916599267
0.350549231301
-0.244029310736
-0.258608341482
0.252921531849
-0.340909650636
-0.157186924951
0.26620617759
-0.34985484518
-0.324490214203
-0.394906547294
-0.256057254605
0.238346125516
0.252258150321
-0.198728901781
-0.255852938859
-0.249230506487
0.208374935303
0.279285175728
0.135910980258
0.262302568488
0.298078086386
-0.254306345541
0.235521776655
-0.099609932136
-0.14794044147
-0.463533698482
0.372936771931
-0.378274540625
0.189932641525
0.228119466347
