-25.6898338193
8.92607345315
11.5840876573
9.95244301113
-17.1152927057
-12.942512904
6.39707327222
5.92512984561
4.72438363134
-6.70141074844
3.12358023155
2.77463531046
-3.14401457033
1.61707295923
-1.29418069928
1.72314244686
-2.14763857804
-2.86888218349
-1.86264956123
2.76121321503
3.27775220578
-2.52663536727
-3.43962240462
-2.45405826114
3.76417828013
-2.63125602007
-1.85985986127
2.44758084647
1.94027074832
1.68718221452
-2.8826954986
0.65843348506
1.68117555443
1.83803562212
0.869009713879
-1.07476199785
1.4796894934
-1.25906205584
1.13228578106
1.05694857015
1.74111482195
-2.86419547912
-1.44916390267
-1.29222687125
2.05908692887
-1.95295472002
-2.81661981149
-1.73718439374
1.85634722651
2.12629494781
1.51933759946
-1.34021831381
-0.516080183166
0.997737019204
1.40969570332
-1.29789320304
1.65409827488
1.51581042898
0.639008380377
-0.678363510642
-1.07019621628
1.35899189845
1.18609330685
0.500672291766
-1.03296318407
8.99657374506
-3.87508742771
7.34381729281
-2.9096311766
-3.8450245672
6.56995290553
-2.89203943958
5.31332429041
-2.17528963133
-1.48545540136
2.62654944975
-1.65401473785
2.11787990883
1.16875554035
-1.2099359809
-0.753986736962
0.771813348611
-1.41697918248
0.77614617196
0.874722822992
-1.65046400766
1.21991842091
-2.08577251
1.37183745171
0.957979684414
-1.42487982413
-1.42505903746
-1.53626850768
-0.841473572968
0.72223910079
-0.984594644908
0.576930495706
-1.28009879839
-0.784915718837
0.370790048214
0.580512886123
-1.13694484296
-1.00293017918
0.809869470377
0.400267564206
-0.730313404288
1.17004865373
0.71819092514
1.01271521561
-0.450898424988
0.751057074825
0.834325229766
0.949489158257
0.504701028814
-0.436920242377
-0.989892134977
-0.567106819195
0.461314435795
-0.422050267783
-0.423294854154
-1.05110491174
-1.23296571053
0.582589639943
-0.401133838335
0.359936386841
-0.65824470642
0.73016940732
-0.50006505688
-0.478849089908
-0.443674171966
2.79620493531
0.929061585097
2.52288653909
-0.554737343853
-0.752409104628
-1.76232902157
-1.07875698139
1.40814644759
-0.482698950029
-0.604012989132
-0.803510074857
0.524301348999
-0.524860958636
-0.277008688155
-0.576294328739
0.322288869312
0.328393600926
-0.551335254252
-0.348051559372
-0.319257727572
0.455328922467
-0.506245977335
-0.792375485089
0.335472662086
-0.177168156694
0.494371931007
0.413168128441
0.643426008397
-0.412883755677
0.162645487116
0.39557726243
0.21986035858
0.422849987696
-0.271908831549
0.097741823081
0.175572700073
-0.310239896146
0.28041418585
0.246725592633
-0.209224045323
0.154466649146
0.432068419141
0.299112319754
-0.328143232988
-0.17497142051
-0.228013808401
0.308949752284
0.259694226597
-0.198552281374
-0.198491149865
-0.264159788012
-0.187708727961
0.140874564262
-0.155309852367
-0.138016432676
-0.289622284894
-0.451604437644
0.277115736508
0.119583378945
0.0861701253718
-0.258183523066
0.239041306646
0.184731404324
-0.226447071772
0.125956776501
