13.17202367
17.2712288404
15.1021129847
-15.401278856
-16.0719616292
7.65480551911
8.04678098141
7.94216067455
-11.7721523864
-12.6004986581
5.93246491723
-3.13910126197
3.77411392311
-4.28482119475
-6.2739707247
4.69591877318
-4.05045844999
-3.48002222412
4.75521587434
2.51717090336
-2.91598073119
-3.47643360593
-5.00399415237
4.77754840008
3.6377525689
-3.09947260119
-3.31708189578
1.7568688244
1.99151073684
0.675027271096
-3.45121231297
3.45248767063
2.15904393677
2.37985562671
-2.20689514941
-1.18835595663
2.59077826515
1.60735026727
1.36836307975
-2.25039873648
-1.68489750454
-2.24692545656
1.01740843289
2.16975955577
1.55408275999
-2.41088756635
-3.31993275094
1.55554304888
1.88788934959
1.49214783235
-1.44034744829
1.12731224425
1.35979980081
-0.787221837984
1.11273191218
1.97603181204
2.71979294079
2.16062272769
-1.14423713855
-1.94415704484
-1.57769868589
-2.75535526064
1.83594748258
1.95892300466
1.54613651181
8.03616404215
6.01117259793
-2.01138822076
-1.589276942
5.70661289255
7.0479181622
2.23391222679
-1.40960234666
-1.20968575855
6.54142283413
3.65674701409
-1.8379458745
-1.40715481507
-0.906358821084
3.93924190553
-1.40578642432
-1.08613120977
1.12808698824
1.15118944186
1.17050193518
-1.94316632812
1.64583869519
1.0302893219
1.08348967253
-1.06297875655
-1.42999191591
-1.30368499576
0.682718784329
-0.95006472577
-1.83482054837
-1.40336266123
1.88254943584
0.998505047873
-0.674527752318
-1.00268639506
0.863483946796
-1.30023489141
-0.804030211461
-0.794887908938
1.08183018565
-0.684617098945
-1.02062588343
0.884276676527
0.673407201864
-0.699029885859
-0.866909128872
1.19851797133
0.600756934191
0.612424991616
-0.585136770255
-0.761665224536
0.827943482993
-0.658459851321
0.5793297311
-0.936086294933
0.941109361152
1.13284328762
-0.975086576254
0.37162143732
-0.876769564368
-1.05267120672
-1.38086673128
0.608942111063
0.586325681733
-1.02598826817
-1.49249000971
1.87362601292
-0.457028150937
-0.302406271005
1.78207799892
-1.67032689585
0.599605592262
-0.199078725656
0.290395584773
1.91399863929
-1.27395647278
0.565352356279
-0.25669823128
-0.179802978037
1.09414811215
-0.581050432664
0.363465750446
0.40036796973
-0.546148274876
-0.408011085939
0.553966695925
-0.500843418424
0.281684979183
-0.332717641154
-0.643926273065
0.751670480758
0.356287401019
-0.250357604504
-0.310998851779
-0.534293720381
0.57361152992
-0.497339826222
0.231566742278
0.218102104154
-0.30014176484
-0.311516029106
0.441424261595
-0.269056927392
0.316960339015
0.41638361998
0.27725490559
0.41074685469
-0.284213652769
0.165381905834
-0.221705142582
0.301518890838
-0.509086854398
-0.262466272852
0.250446998457
0.206339241305
-0.340949628233
-0.210830838018
-0.203239190299
0.191996719178
0.298843169021
-0.296299375429
0.401477796754
0.301691397696
-0.17238743907
0.232195067984
0.398898217871
0.42194299697
-0.28344500794
0.227741876936
-0.266637403735
