-15.7926544028
14.6912669331
14.9843504329
9.79071226206
-12.4034766321
-12.597182817
7.8822757302
8.17683722984
6.08915533242
-9.32956491857
6.72962124316
5.16019933572
3.58791247915
2.05956263483
-4.86142749471
3.30036252613
-4.70395093215
-3.82637896825
3.42390443478
4.00228662596
-4.05986646479
-4.22561796198
-5.07698752525
3.88436414221
6.07943293174
-2.40978227095
-2.28632407722
-3.14981488503
2.2463121541
2.08714345937
-3.97025150786
2.49815493452
3.43403236381
1.20248625139
2.03621851726
-2.26058417096
2.65162931899
-1.30187237583
1.31166018112
1.44283393124
0.989112025906
-3.37914360067
-1.7478874675
1.69694728577
2.29138153528
1.66958381128
-3.75496881146
-2.20300854551
2.04376528642
3.01821904292
1.44415539627
-1.22335973164
0.715554226345
1.72243693936
-1.74994812712
-1.20325330238
1.83966896974
2.0732797424
-1.28084882016
-1.6779881496
-0.749487084102
-1.6787334074
-1.29462167586
1.10593581929
1.47163742844
4.4771262393
3.92604218739
5.55079372696
-2.88476407336
1.76673647398
5.24294180301
-1.01624181543
2.71245068318
-1.7083080231
1.47847084062
2.8748438158
-1.41056136656
2.22200378228
-0.85833755579
-1.56962244367
-1.30123252077
-1.34896139675
0.399562662394
0.986295230652
0.830041929411
-1.71517378746
-0.803946356947
-1.77890080299
1.18018987281
1.50012952828
-1.4394361489
1.01745639467
0.812980059556
0.576047363369
1.21388067185
-1.37781550135
1.08632677502
-2.33736890646
0.656975207599
-0.785196457946
-1.1227602025
1.08338895226
-0.627056118255
0.883090668197
-0.710080526431
0.741863804176
-1.07592115503
0.852451736518
0.778590435243
0.9599137674
1.05860175671
0.830415890724
0.753804255214
-0.55277307669
0.575872621194
-1.29226824126
0.803018131543
-0.460172732403
-1.08043800907
0.762102281325
0.699236795116
0.861329708465
-0.883174401785
-0.558352277341
-0.737248478766
-0.763740033593
0.747755511186
-0.632975242291
0.497232293001
0.574324546796
1.26059193452
-1.49238213955
1.662472496
-0.555498995048
-1.5960267071
1.05841480787
-0.353658102453
0.715882477824
0.292179350295
-0.997096807506
0.860010959263
-0.539476034957
0.522323710014
-0.214313133146
0.713953359397
0.405233545134
-0.555422550853
0.27182201446
-0.282285837462
-0.422465420684
0.448047649873
0.41781498262
-0.659537194113
0.297732705188
-0.689262186313
0.500725690056
-0.372214077927
0.397366532296
0.203445494603
-0.663329205188
-0.633156191955
0.480154506158
-0.839432319173
0.168800624305
0.441838292122
0.511860705691
-0.367256513245
0.188911561505
-0.259527405135
-0.328349024029
-0.324214319062
0.442986911716
0.258981250846
-0.265926041907
-0.428151835777
-0.468652814369
-0.230691756649
0.209665501149
-0.268219968015
-0.23518142128
-0.454011063451
-0.349959512346
0.188704718786
-0.353224754278
-0.371021284421
0.369196819994
-0.208971477417
0.311534036657
0.275379324335
0.297199114444
0.200463313189
0.274296184651
0.238794875102
-0.166688626624
-0.334516145097
