12.7528470266
14.3581632853
14.332037299
-13.2632762493
-13.5408314285
7.59353940197
7.59430683075
8.00559828292
-9.92343772373
-10.47764462
6.71110424449
-4.8369932155
3.13560247011
-3.80599147167
-4.62923499171
3.92514440873
-3.96995474396
-4.16376773942
3.22935920864
2.78635065661
-4.33768177868
-4.25499012517
-4.97321327957
3.94069512292
5.13872693404
-2.67389804877
-2.44152637135
-1.72528092374
2.04458377076
2.68378598258
-3.10701074237
-1.99328427732
1.49461809954
2.16500638687
-1.19714029334
-2.35323926054
1.79472876895
1.33281464066
-1.2062745318
-2.02790408857
-1.55203815176
-1.80598181913
1.63273694666
1.98675289867
1.97588038887
-3.1504321696
-3.43774767041
2.369454162
2.2777234821
1.63831132715
-1.87713923076
1.23001767838
1.4561683193
1.62530122481
-1.05356618211
2.16159793032
2.66971954703
2.55154656426
-0.926033538117
-2.5954626147
-1.31519165108
-1.42766692507
-1.12597771387
0.802973689304
1.92300287256
6.03283861312
7.80385611288
-2.22478017952
-1.48045545123
1.47105145882
6.55766585494
2.72378369319
-1.67429634676
-1.38213486879
-0.773373693033
3.71750417881
-2.62803958359
-0.953733413362
-0.911843496592
0.751248359702
-1.27225567759
-1.62537141283
0.966847080286
0.55505057159
0.369781757642
-2.09003090154
-2.15541626313
1.382593422
1.03279359402
1.03071041831
-1.64289212867
1.03071800603
0.902362129022
-1.20898292604
-1.4962716809
-1.4701569974
-1.82004380666
0.870304881127
0.917889737445
0.880025308665
0.904249713875
-0.914647833585
0.546042232069
-0.556930519743
0.980949469571
-1.01739366301
0.802823501486
0.730441389885
0.807708629038
0.777423271769
-1.13553855114
0.983270719469
0.863854209738
1.07255019125
-0.535580552751
0.640000083273
1.14127991751
-0.621106029384
-0.391594827869
0.629180218704
1.20794728003
1.22260904939
-0.884543968951
0.516917349234
0.841323272371
-0.62433717825
0.749206843125
-0.529433105574
-0.542996771945
0.76064647285
1.55966540049
2.30114514588
-0.86033928264
0.602226401165
1.38446530455
-1.55549906922
0.917606201397
-0.233427444015
0.502724338825
1.65577595193
-1.03584388006
0.823357002527
-0.379621041507
-0.269763086041
0.89083583809
-0.548357308937
0.566905507177
0.238718298901
-0.173903115962
-0.176073296092
0.565247896377
-0.772471919274
0.516075929243
-0.315259615167
-0.442786119191
0.43109565941
0.405414695661
0.235087428343
-0.301109324509
0.460724452739
0.494301189932
-0.560189549844
-0.320521486197
-0.290783944499
-0.342197678663
-0.366385669573
0.360918366715
0.224668583101
0.182567998085
-0.388874348388
0.309639242021
-0.284040292256
0.225986124294
0.395553235726
-0.283464261277
0.32918633288
0.263411031212
0.314387839696
0.400324399196
0.218088084402
0.299726042615
-0.468488311641
-0.212930597306
-0.185917020642
-0.153731879399
0.305672351106
-0.43369942687
-0.188342856492
-0.216939409835
0.33705090841
-0.261893232871
-0.259354468776
0.216090772297
0.22722741336
0.286594498104
