9.00687090729
10.1306124084
11.1002724679
-7.35803254932
-15.7181169098
5.60063261107
5.69064490248
6.23969813897
-5.69022323451
-11.5166112809
5.61542385501
-2.93603399868
2.84274831333
2.48345537309
-4.57931495035
-1.71382337497
-2.61764626636
-3.07568360638
2.28164275486
4.2065732397
-3.31488248003
-2.3181882725
-4.4448015329
3.78859818039
4.77033674804
-2.17872275054
-2.98117735341
-1.50146066717
3.94786241203
2.04459550134
-3.66744125397
1.83701326609
-2.12694332052
1.67852490039
2.29547409744
1.7984897681
2.27323492401
-1.70465375499
-1.56735944952
-2.15314623039
1.84702469053
-1.73673632227
-0.995141414798
-1.6526351523
1.3852080962
-2.5697873994
-3.54372943314
1.60272818024
1.68415616999
1.8556496729
-1.18814999404
-1.50776576926
0.846100185967
1.90674212121
1.79279785473
1.26443917477
1.57059516476
1.78818523935
-1.14980449691
-1.61603821807
-1.86294203913
1.3923270495
-1.12219547852
0.621428818554
0.903670838002
7.60115882219
-2.62450045479
8.12109587595
-2.24460490506
-1.36366783413
6.34134589083
-1.05858861476
3.35937479405
-1.94275894549
-1.06904964497
3.90952631182
-1.34163660596
1.36895195846
-1.11776800951
-1.04874462456
-1.18117655997
0.723004827449
-1.19084908657
1.24721799172
0.807696082163
-3.58814112636
-1.09581998685
-2.5083077918
1.23374942815
0.884711841775
-1.14257573193
-0.884601541704
0.47587501756
1.42141716146
1.01145197105
1.22611415949
1.62590719476
-1.8749846936
-0.911949345218
-0.993778248967
0.965228398025
-0.681119220148
0.763164883039
-1.19705417274
0.948020488376
-0.823545583499
0.548978160553
-0.582765895978
-1.05712489565
-0.553026494335
-1.21687780993
0.908722012503
1.17553781855
0.426652845034
-0.496499860174
-0.821148012699
0.745668665662
0.826001398221
0.463592043646
0.692146274276
0.838314919909
0.492746737024
-0.960848583437
-0.324618338107
-0.707317573353
-1.75339210957
-0.87524744848
-0.814330923181
-0.356004881336
-0.511503034195
-1.56471723988
-1.07536145301
2.41699564419
0.276853237841
0.62986404274
-1.61793922388
0.875850636423
1.09532736768
-0.251398309725
0.395476973667
-1.3228692046
0.512024928746
-0.548025936117
-0.394230185056
0.324807768224
0.264324899115
0.17012476691
0.387017566895
0.462455005279
-0.392927387312
0.954969590132
0.421929143182
0.749069474715
-0.247885396603
-0.360571702503
0.601389365724
0.31972011125
0.249201718636
-0.440418858622
0.600472067974
0.487338040471
-0.53941062384
-0.57811525791
0.400167505252
-0.308078806513
0.417011663628
-0.28482393419
0.333647967761
0.458093965436
0.362601619572
0.341916591991
0.134381522083
0.191935393577
-0.273613168228
0.315612681217
-0.382915872502
0.425388854916
-0.368378768963
0.141684566397
-0.230788176302
0.215409195979
0.26688776414
-0.268004321684
0.145700986491
0.337601602835
0.250471094702
-0.291920653329
0.339840853741
0.133355896694
-0.253233119264
0.59783673327
-0.278877590516
0.27063060505
0.13307563422
0.176404677867
