-24.6611718234
14.8134301206
18.2619325856
-15.5059829369
-19.8095427035
-12.5477375911
7.81145495796
7.77828188117
-5.8016290687
-10.517909913
5.21910257689
2.9746966762
2.33369738163
-2.45170693899
-2.95739174325
-2.5206832652
-2.36572086603
-3.19453402181
3.08000703153
1.62175902874
-2.93021300485
-3.25816763989
-3.54317981106
3.42756330005
2.50462545081
-2.80538158948
-1.79174825877
-2.29254146727
2.39309070453
1.74922612825
-2.29223577335
1.70490845575
1.46917906219
-1.26774562003
-0.715036816488
-1.49781569957
-1.17263549143
0.778368649043
1.94657402548
-1.11996891215
1.20191247983
-1.87051392603
-0.587444850718
1.20653319477
1.05243299245
-1.77480807506
-2.29348909229
1.0629670468
0.951823142559
0.940583627297
-1.30816105903
-1.00636568507
0.70999165715
0.948812606251
0.577391318506
-1.33861707981
1.38211267913
1.83969226755
-1.00218568913
-0.645366808388
-1.28239025755
1.41297260647
0.970835385634
0.620743240378
0.96600418653
12.4759710254
9.55133138098
-4.7422485947
-3.62751826544
4.54248326584
6.79036361393
4.14800754138
-2.86725452537
-2.52802528215
-1.99755765605
2.21712353632
1.15407091759
-1.34154630153
-1.3374587837
-0.681004389895
1.29754618488
-1.67419402776
-0.831200654811
-0.979133207275
-0.396500105143
-1.33957027255
-2.49331616623
0.984513089461
0.956306316636
-0.317588882357
-0.973347383221
-1.28147853012
1.03977363259
0.733187904959
-0.520798750299
0.717187260361
-0.938702314398
0.759835356437
0.94438917754
-0.423229499106
-0.714526818777
-0.547209009361
0.431922357501
-0.885567100367
-0.470907979485
-1.03407068884
0.681878718843
0.74378360342
-0.355549393844
-0.296551047806
-0.763268318758
0.921341853666
0.44372269599
-0.316137105262
0.243478413732
-0.695494290238
0.538446573328
0.602594403967
-0.479361665452
-0.247039952495
0.579002931278
0.731673239106
0.620040750633
-0.762776565599
-0.265077904882
0.907519085952
0.86412973708
0.56095321122
0.596072254308
-0.451045770364
2.96180212757
2.87205462716
-2.8194024906
1.40814119769
1.94601630452
-1.95916445188
1.15553329399
-1.26031772057
-0.687112322638
0.536937295954
-0.888614616359
-0.302231689135
-0.323468502378
0.383774575194
-0.191502667772
0.49848183667
-0.52681715063
0.548228476053
0.300173157919
0.122813767717
-0.330997692437
-0.685699461337
0.647850028021
0.336590078745
0.138578430367
0.444306743076
-0.4579738028
0.369035553426
-0.243001142682
0.133974721208
0.33695157361
-0.410578608028
-0.251800807178
0.322868375639
0.124996143295
-0.325510672796
0.260203710813
0.163867539757
-0.22995365512
-0.175147230747
-0.289926065949
0.233584266098
0.174777761838
-0.224385145606
0.125171188873
0.263599705491
0.292469558248
-0.160304979999
-0.103512385728
-0.110797836759
-0.245178435762
0.132577305352
0.147663650053
0.18751121872
-0.0850428379797
0.243232021561
-0.237322146487
-0.298780494242
0.186746794989
0.0958559914813
-0.279412717895
0.295744069209
-0.223894308926
0.232674069698
-0.207639108707
