-18.1015131763
9.04596384973
9.03358465552
14.8524320647
10.2587289329
-13.8551953519
6.74977316997
6.92467679586
7.43449055368
-5.32872414949
-6.59744455463
6.48811442355
3.47257526275
-2.30995698011
-2.88000763249
5.01732855088
3.24576524884
-2.80533705989
-3.34130488465
2.45229758599
5.09445243255
2.72115658954
-2.76838842752
-4.2971451083
5.40457930276
-1.49050469542
-2.5052111272
1.79309099548
-2.52195524474
2.70225240208
-1.87099348382
-3.48568198466
1.96534196302
3.57173732983
2.92476824415
-1.8250023131
-2.10518355618
2.43841574135
-1.43394427891
-0.978064861876
1.60095730268
-2.00456518924
-1.36671085735
-3.04680974209
1.98080013128
1.74964653858
-2.66070322518
-2.30806765691
2.06882336708
2.53534168332
1.40967261068
-1.03252196873
-1.29736463503
-1.1580418456
2.24495201741
-1.38945768728
-1.38078598516
1.46547936642
1.46799997616
0.956139989454
1.24658430965
-2.06061254457
1.65815259001
-1.67743207416
1.04252190017
5.80137736317
5.56834670822
-3.6329230465
8.15999980002
-3.45373296392
6.65590624932
4.84170272316
-1.26188205778
3.4954809671
-3.81566201523
4.37713368123
2.78463226575
-1.67314554749
1.97211649821
-1.57140089739
2.24875826516
-0.991879203331
0.691452242358
1.31202046735
1.21569872355
1.19394307166
-2.34195071318
1.22618824187
-1.21113224753
1.8303007505
-1.03349981091
1.32336586623
-0.79973365679
1.52398642031
1.23886377004
-1.34189167932
1.05243920223
1.54672706154
-1.62578606496
-1.10100827447
-0.73200015834
1.22203623346
-1.51272499753
0.943749453012
-0.62462819691
0.667600419411
-1.15698025709
0.643893893939
1.53581869228
1.03450510774
0.730506531228
-0.938110019544
1.16864632783
1.11628981917
-0.964483539241
-0.493936661735
-0.76317650784
-0.767328013267
0.454147737898
0.938158200053
-0.61366606256
0.925313740399
-0.992528767362
-0.622479369601
0.888802849753
-0.67983485903
-0.775035636181
-0.627789078862
-0.919552854746
0.535442478373
1.39490313799
-1.10360352294
2.28206307703
-1.99113721182
-0.55180481586
1.54200192449
-1.5775522101
0.940975698844
-1.03130587198
-0.856799598868
1.22395217687
-1.34359152554
0.847387625637
0.598252795748
-0.627057833598
0.750891295181
-0.805035849872
-0.343772676921
0.408244969699
-0.294451915374
-0.51640988701
0.679436985776
0.537091184402
-0.460741936028
0.503163997822
0.328526817983
0.546304156351
0.286916134048
0.491048219261
-0.440542980492
-0.351435903842
0.487100112976
-0.793128281624
0.673809139438
0.407095316866
-0.278745955955
-0.297822124151
0.567687146931
0.614118612637
0.223373648563
-0.127549431785
-0.355373226648
-0.380962461406
0.52227704566
0.428820806112
-0.192646997458
-0.298264943369
0.284179252323
0.400092804063
-0.31695253604
-0.216313303483
0.192441075836
-0.263495376112
-0.120903038277
-0.394084938596
0.226371267944
0.222327949965
0.485182443148
-0.221887338775
-0.334525910538
-0.240663292155
0.317405040781
0.237468128372
0.312511539283
0.206864546303
