-9.97401145397
5.74723509659
9.45668550427
9.72275661143
-10.9173867105
-4.33960755113
2.92464200921
-3.80181208735
2.45209186323
-6.94074823888
5.42461657184
-3.45548771099
-2.7545778894
-1.21937738556
1.2437803673
3.61668161418
-2.83762085802
-3.39108383338
-1.61441213334
3.24392909197
2.84996941818
1.86966925085
-1.76342689191
-4.33847314363
4.72802833453
-1.58894460305
1.59148910167
-2.34611670175
-1.43013220927
2.0280222809
-3.69421977054
1.70420503835
-1.45369077292
1.85391872482
1.33506827142
-3.07169274805
2.59364382504
-1.05348519612
-1.7662471294
0.793385413505
1.60943765971
-1.75743078698
0.90470622562
-1.82739330344
1.15759599624
-2.15130548411
-3.27932653479
-1.57943876299
2.63846213471
2.6279165729
-1.00058596954
-1.4047262675
1.28824215413
-0.961946373012
1.40758239529
-1.71092728652
1.13285213775
1.10028570454
1.09151148855
-0.967111274872
-1.50855779917
-0.732274807241
0.981969232125
-0.423614054877
1.75681206713
4.51232013647
-2.54814043472
8.07980368895
-1.33498600713
-2.48472131478
2.99446099103
-0.961560519917
3.24710103017
-0.65521691725
-1.74320897658
2.63716379735
-1.16777075141
0.796148259254
0.816236107032
-0.872743377239
-1.0999942483
-0.824335599807
1.39053042446
0.634283747636
0.908929502416
-2.04241641546
1.17687698679
-1.48090677452
1.06322779449
1.5823136608
-1.29482217627
-1.20043896661
1.00728111944
0.642930618934
0.379715961964
-1.76947421286
0.989862487413
-0.999195538093
1.2950096773
-0.352994676523
1.43065003426
-1.56747568308
-0.517654844651
0.925116657024
0.512048983594
0.701185402604
0.709776479871
-0.709912151833
-0.747431720045
0.744990521851
-1.13405379709
-0.830907047194
1.23164483595
0.938219365715
-0.851805560562
-0.710057611743
0.821911510859
-0.60001447491
-0.448913001298
-0.626115935375
1.05268014001
0.651246445119
-0.606048847727
0.552357075919
-0.226023793667
-0.983189086774
-0.418184149313
-0.524528755655
0.315868093055
0.656640731549
-1.13801394324
-1.02994906616
2.32806212486
-1.71400006686
1.34196096984
-0.651382389152
-0.422630393805
0.994764168464
-0.366296856564
1.1844174919
-0.574176870608
0.567958097132
0.297530784125
-0.37345912913
0.703162590836
0.247182666172
0.247939365456
-0.533680532046
0.241737976318
0.231453288029
0.54591492823
-0.387964195726
-0.515319353674
0.54212928762
-0.599452667923
0.642304695864
-0.323803467217
0.314949036262
0.225526420777
-0.426797555786
0.605244121202
0.360630413852
0.453158257689
-0.237266451893
-0.388909523761
0.52253782949
-0.389453933045
0.380119476584
0.360546557023
-0.446798416717
-0.338697000633
0.253325225067
-0.251221185575
0.224727970688
-0.276870888193
-0.332726509169
0.327831863765
-0.20500785707
0.233701591739
-0.306626976048
-0.203202085248
0.222998082415
-0.222392364682
0.151907628147
-0.141778768579
-0.314365788159
-0.389941748344
-0.133789716974
-0.272471354758
0.0814275758872
0.293521928925
-0.195074717461
-0.182964263821
0.160083887444
-0.28173366294
