-17.4811608769
13.9140960322
12.7444916131
16.1194941075
-11.3870797974
-13.5113020364
7.98895455193
7.64396179349
7.41854683285
-9.15793829777
-5.38760461697
5.30072702356
3.62477932481
3.12069147737
2.31005764362
2.61339406901
3.0015585259
-5.04051993966
-1.81635654079
4.44220122559
4.37467716832
3.56477697694
-4.02919410895
-5.81419651532
4.4327371231
1.9179351167
-2.08168996181
-1.5143945115
-2.32081992216
2.13439799912
-2.06565520317
-2.56381120985
2.78260131205
1.44443086135
2.55184944252
-1.834488987
2.25623463291
2.39237840045
-2.1378531971
1.05029678996
1.74409366021
-1.73422103414
-2.06946593246
-1.62139943649
1.28751196519
1.32196841026
-3.11710721453
-2.96769667466
2.40922183382
1.8184994345
-0.869675789645
-1.12345595459
1.02988652383
1.17728699067
-0.846431112502
-1.69622129521
2.61485442353
1.69016209977
1.35746540802
-1.20732698761
1.50702329709
-1.29220783332
-0.872362218124
-1.48519861939
1.5557078753
3.67672392811
6.81364345206
5.51400047469
2.97794673464
-1.86876006406
4.04531022318
5.74425169324
2.42290465246
-1.50689069936
-1.41896572694
3.04709450053
3.47353802339
2.44756442939
-1.60345051331
-1.2706638145
1.10076520562
-1.82288546715
-1.48986004482
0.715133262642
1.04526983925
1.06396317661
-2.97117720682
-2.35289910459
1.02724454226
0.999203720865
1.35518158868
1.07678549124
0.800283798443
1.02223443289
0.643748861058
-0.602190397766
-1.31966924531
-1.72352153122
0.850027142259
-1.23862268604
0.910114926219
0.92902883331
-0.814580800979
0.828643915823
0.53985911049
-0.738663336747
-0.693494607181
0.596123038729
1.03282566654
0.475182378582
0.646120541059
-0.898687121637
1.27215644188
-0.728745889538
0.543249933379
0.909920125468
-0.761953566029
0.97098059435
-0.74295166681
0.589391532489
0.48896797602
0.883158667427
-0.938172404346
-0.787316187831
0.569466360633
0.902031356368
0.75021144515
0.654567248992
0.630052356827
-0.565500759302
1.76192378185
-1.83531621485
1.56964276043
-1.66749920003
0.508370423471
1.44412910944
-1.33683396104
0.539691022105
-0.669764673214
0.319293811116
1.08518260321
-1.10112737174
-0.518633816889
-0.701451705586
-0.348516965146
0.390978106111
-0.671747014658
0.331610054187
0.309271991066
-0.33996803271
-0.812713526586
-0.793234307294
-0.504181802042
0.657924883805
-0.232588434619
-0.35158976847
0.332214944847
-0.195900786791
0.356361784554
0.190810158124
-0.349893300022
-0.455371393163
-0.604985472626
0.615298080875
-0.456032938078
0.228983001294
-0.341134494138
-0.36207646568
0.398311706471
-0.355011264834
0.279262518372
-0.298333998841
0.308283024672
0.30885841976
0.152189635457
0.254333749507
-0.253379610994
0.265522813287
0.292165603972
0.229244426665
0.242792445679
-0.231543763234
-0.202108709831
-0.265462371099
-0.292236678277
-0.191016208893
-0.374599744382
0.28109411106
0.248322829147
0.186042535882
-0.239841281948
-0.315275806198
-0.309770592466
0.308949533852
-0.358257695433
