-8.60101719413
10.3840578847
10.5216105141
13.2290407086
-14.0384439874
-9.33871140436
4.74976670172
-4.83590737807
4.39922078912
-5.16729840736
-4.14404415859
1.97148996227
2.53771885539
-1.64175231849
-1.6438110241
2.08592302597
-1.55968870006
-3.44467942035
-3.17038556509
3.03452044388
1.56904130344
-2.01964056375
-2.83395379876
-3.82524412366
3.72259792771
-1.71741174352
-1.22883161327
-1.29981965858
-1.83426866578
2.5765185927
-2.49395702742
-1.5689238152
1.7497331135
2.03486842433
0.966850204032
-1.86745534268
0.8296369609
0.842451734012
-0.879926941876
1.45714692627
-0.617681243481
0.781538673004
1.47481917177
1.2484808767
1.3425420368
-0.656242533146
-1.39174350608
-1.05758123562
1.07809681757
1.33945915151
-1.35422760534
-1.80742386145
1.30080528538
0.963758525659
1.87986484727
-1.27924980012
-0.82228737254
1.87504175552
0.917354833519
0.770387090652
0.735649555558
0.660857767767
0.906651048012
-0.889463043332
0.615326197183
5.73264665152
3.96469741016
7.83934945859
-4.33032221087
-3.49480030493
4.47428043641
-1.61257456019
4.12844353972
-1.28052115245
-1.86695162535
2.58318335368
-0.778156518364
-1.75055841027
0.570777616587
-1.09964013404
0.858223801691
1.25672663773
-1.12981348926
1.54358120457
2.29252754851
-0.814749864534
0.982884273284
-2.12659128164
0.681793904485
1.81021930438
-1.45576721322
-0.41297218819
-0.61272656327
0.867086075262
1.18920168478
-0.917174521767
-0.629524834351
-1.20783031108
0.864555424381
-0.35551995162
1.1201263769
-0.509872634639
-0.593451234137
0.894411497432
-0.79256143958
0.373002188919
-0.335628824253
0.7819128696
0.855893368168
-0.84501749922
-0.385015809913
-0.494592410128
-0.921558379798
0.330700020099
-0.622425911381
-0.824263451637
-0.479907317843
0.459623377701
-0.518798596212
0.855387090237
-0.77690865777
-0.314595725477
0.937982063902
-0.58976465463
0.563301070757
-0.671415161389
-0.461472130379
0.693073311136
-0.507282370108
-0.419376223684
1.84103572403
-1.79204042767
-2.14714396614
-1.56608295891
0.702349456795
1.59930007385
-0.582760333424
1.59902311978
0.425636220509
-0.763910598452
1.14642833999
-0.325427445774
0.788258344064
0.329212518053
-0.329108122379
0.500748010465
0.58615803884
-0.309108169931
-0.400593200417
-0.614655717498
0.332677024599
0.378709822001
-0.614717601583
-0.227808921805
0.514683203724
0.369503803564
-0.178349690368
-0.204635723188
-0.292411925817
0.347494698675
0.345059616415
0.275318842949
0.412604375525
-0.282777910179
-0.098442602858
-0.282641095341
-0.204538960157
0.197060557082
0.206123083405
-0.215304580242
-0.0698895352607
-0.121055612378
-0.381028371206
0.227291959377
0.226946521693
-0.130995999092
0.23723094387
0.315240443808
-0.137908780592
-0.175905750936
0.246778001853
0.195411928285
-0.145118331053
0.198747276736
-0.30077887343
0.184709530412
0.132826425715
-0.280698106343
-0.12936487894
0.184263718885
-0.268270871022
0.114548995402
-0.153687569319
0.116860778131
-0.144900536469
