-15.6640352147
11.3489658082
13.8096369733
-11.2139482833
-12.7755306435
-13.9416465409
7.21299630532
8.3418221857
-8.60993635016
-10.2930258055
7.13919625428
2.36698062601
2.89743394175
-3.13761828771
-5.49787941474
-2.41751904081
-3.375923436
-3.54597351751
2.9838626827
3.68301774274
-4.63546150472
-2.18517978379
-5.28194580002
3.53643396737
8.8124719405
-2.91259967443
-2.95761940689
-1.33356488162
2.36800736251
2.56892840596
-3.15436217211
2.16630890747
-2.03676617371
1.93095872718
1.89920923157
-3.42298038583
2.62989250276
1.28940069933
1.8432851717
-1.61256177029
-1.38540346484
-2.04709397823
-1.58083521421
1.71358769163
2.84202567567
-2.43754027837
-3.22394597565
2.5197344014
1.59392455201
2.09052725534
1.28689022825
1.43220765451
1.06755465349
0.709956006032
-1.66377132448
2.00644023579
2.87634326433
1.94968317972
-1.54179969656
-2.02380478444
-1.55356454422
-1.56175760048
-1.65280828518
1.61275854798
1.3944739047
6.62364534358
6.97581471109
4.39017009105
-3.29443419651
1.74271759775
6.33981333456
3.64731554024
2.08385394495
-2.29218344594
1.61661115549
4.84305678082
1.47555562522
1.39527739702
-1.37642774155
-0.959568103714
1.49219961688
1.50579640667
-1.17054711629
1.19685352193
1.32334245846
-3.46330358291
-2.08835104505
-2.18171724862
1.53835794184
1.59195948393
-1.72663944279
1.59487367092
0.806985559366
1.16708928187
-1.05601756029
-1.55679068306
-2.04992637026
1.04988666843
1.5051498719
-0.902225348043
2.00715413492
-0.720648007315
0.818774806356
0.936837548001
1.03537372709
-1.2053965753
0.7626106743
-0.880725817526
1.28180929481
1.14091586612
-0.911444515911
0.691616650825
-0.776920154423
-0.542418723031
-0.978408853891
1.37443767062
-0.724792970361
-0.587691837013
0.410408668523
-0.849703086782
0.875409334409
-1.11653618811
1.09808635641
0.453369908434
-0.906390407114
-0.740238129306
-0.861820867038
-0.915506134715
-0.793527626112
-0.623090898169
2.49655626285
1.75338434201
-1.64385080131
0.968042925142
-1.36588459311
1.8005653122
0.671045760109
-0.969271882162
0.720826290492
-0.915518275074
-1.51018041791
0.362293736057
-0.620533323301
-0.37797644845
-0.401343704893
0.539491953017
0.412448434723
0.450903934904
0.435962198745
-0.559310151973
0.95781052383
-0.648040193647
0.849339999882
0.500377947166
-0.752675905636
0.545551772428
0.672627880585
0.24377790811
0.413908110529
0.435537596487
-0.537882655731
-0.563873185321
0.588783753256
-0.649170652688
-0.315826796355
0.87529496801
-0.435062468125
0.241491407994
0.397055872674
-0.418747768595
0.485077097109
-0.271237681026
0.256364260083
-0.428228487493
-0.508057183542
-0.306992503169
0.278802642008
-0.301340079299
0.258891892739
-0.36438038659
-0.662027589082
-0.261775356588
-0.225042692546
-0.130221130157
0.566649630511
-0.353082325745
-0.497986380631
-0.393390286384
0.118010729961
0.407952317246
0.2906791015
-0.270378643144
0.278802722222
0.281036487498
-0.219530619335
