-25.0431309118
10.5391859026
12.9186461997
13.4419656519
-10.2632432298
-14.0347756881
5.28078468275
5.96280831823
5.65934454614
-6.66473272617
-4.70500549015
1.57389068317
1.85261913519
2.12170540377
-2.43933131307
2.09498907041
-1.54926793981
-2.65390659885
-2.05405795041
2.47772811057
2.9024016614
-1.78747701315
-3.59299887614
-2.7282999888
3.16859834537
-1.92191739022
-1.72552941262
-2.31883564237
-1.96564510391
2.4408908504
-2.27061212396
-1.55605657407
1.50359938401
1.19585672077
1.34119795504
-1.54673356402
1.24998200654
-1.6537669911
0.70959725295
0.979222161266
0.59346018694
-1.42229533653
-0.768278760507
1.55574045058
1.06693779568
0.685290774678
-1.67516235202
-0.886458580841
1.34508279907
1.06732516977
-1.20242266206
-0.868629444601
1.02313994934
0.856948257088
0.742385561521
-1.25501980172
1.27933814156
1.22873075622
1.26030027474
-0.99128496596
-0.679806007202
0.460983575881
0.763381222103
0.562701112934
0.441457939231
10.6536597184
4.76319505682
5.0962952509
-3.51811110142
-8.18570498977
5.07228468218
-2.09298136775
2.94319321388
-1.80158645323
-3.07610147072
1.67936538575
-0.892413053038
1.26632143556
-1.19807712564
-1.67400268346
-0.873900364806
-1.03629381749
-1.10713718082
0.824709295627
0.717431750205
-1.22706169095
1.20836611674
-1.57693508708
1.08995111318
0.871626392471
-1.02679525973
0.596881583117
-1.00090732522
1.11800083425
-1.10088468334
-1.15482841166
0.925445923306
-0.926999289942
0.866522349876
0.633373091483
-0.984093490259
0.781714944585
1.10066792806
0.628778412312
-0.900837440969
-0.436203481528
-0.396311868634
-0.547403114173
0.977657955871
0.476706825484
-0.510921833105
-0.595036223279
-0.636993189651
0.689516043508
0.536123566977
-0.615817345678
-0.460502331414
0.602384697994
0.337393593969
0.365037951966
-0.348110104347
-0.731108126515
0.638300837131
-0.391871599511
-0.413096505153
-0.222621803089
0.438931636545
-0.355861507831
-0.417076778367
-0.503654249654
4.65231084406
-1.43577323035
1.39646917362
-1.37106164129
-2.5825505643
2.03709653823
-0.616428261028
0.865228136431
0.653042695878
-0.565560867532
-0.807390316823
0.365936352739
-0.292396007243
-0.397084688244
-0.264616149969
-0.363011182764
0.293938728736
-0.336037770326
-0.318043081336
0.29122369498
0.525122259688
0.314824485042
-0.400101925585
-0.373598980989
-0.241397549152
-0.364166158371
0.143924573695
0.286720195494
-0.389510653287
-0.19033485296
0.337502943436
-0.191189238417
0.200054517244
-0.346222412061
-0.150841572209
0.394071879148
-0.213869963151
-0.289853193287
0.290109669302
-0.170606246581
-0.111930368977
0.147027759791
-0.297055513655
-0.339381357646
0.186115641634
-0.142662510519
0.176135188359
-0.194082048771
0.223563984582
0.170983849019
0.203241030384
-0.197956805999
0.265721757352
0.0880129653825
0.110113035238
0.184695102972
-0.332160059365
0.294861186946
0.157745357952
-0.13772226373
0.0953024061381
0.170511867228
-0.161770557083
-0.151978341751
-0.132142060553
