-18.7425351502
9.19131030581
14.7014641668
-10.0048893563
-13.2452841225
-13.30815349
5.96206012562
7.01651658316
-7.95904869498
-11.7694316486
5.83483717771
-4.05159184018
-3.75994698712
2.44564478884
-3.18965876795
2.84605282133
-4.21343274305
-3.89436354092
4.32001343513
6.1527810224
-4.04662289089
-3.79946600425
-4.4372092188
5.81289367733
7.03371908547
-3.45395225787
-1.85704181338
-1.77397969616
2.83658171499
2.06930499017
-3.6260276694
2.34261738445
2.47876105738
1.9158272299
-2.06193340767
-3.30320554138
-1.10513591373
-1.49215812486
2.06194474833
-0.935981645513
1.05840228292
-0.752171020096
-2.54627687355
1.53456099966
1.64704844285
1.57518251483
-1.72594683727
-2.17417928167
1.09182842199
1.34277075423
-1.33868247689
-1.9399004448
-1.12726376001
1.43606700467
1.29296830475
-0.613510240972
1.84669243893
2.02626803371
-1.26055263337
-1.73696459724
-0.875509150165
-1.11959511794
-1.05575124404
0.852590638605
2.35723463746
8.47881714572
-2.37604387023
7.61538442499
-2.52872901932
-3.22112889378
7.34490356987
-1.79830518295
4.284781906
-1.73072977535
-1.35449277883
4.23174842202
-1.76464094309
2.54698834945
-1.38991676031
-1.4989291024
-1.07993727048
-0.950444402676
1.16784192276
1.17996638199
0.916383793634
-2.03726648131
1.1539112388
-1.704266154
1.14612625725
-1.01722681352
-1.5006729625
0.459749380353
-0.824959795378
-1.01909221019
-1.10583152076
-1.26561294932
0.762575749655
-2.10222835668
1.01810029257
-1.24754235136
1.46698078479
-0.696716145551
0.623114415386
0.570285960387
-0.851395892755
0.505155733025
-0.60935844932
1.08066873196
-0.350429289935
-0.408116601396
-0.616339008738
-0.85188069748
0.782318069087
-0.34466026141
-0.53927638236
-0.629777618147
0.865226971734
-0.54930230334
0.882091370572
0.504424026043
0.637485803544
0.673266107274
0.686671666083
-0.556006471685
1.08267079002
-0.620552499453
0.569762189227
-0.985657091709
0.496342972879
0.970306151274
-2.30214645869
2.21920883455
2.32470800338
0.468353102705
2.18554616836
-1.74842101608
1.52077177224
-1.1832686869
0.517941729372
1.81222906204
-1.28710321942
1.07790732314
-0.732170877836
0.475836989698
1.05317836847
-0.478134447478
0.329263621641
-0.425481603453
0.401844427775
-0.331815720745
0.706511264004
0.391688403437
-0.44420027132
-0.228425763231
-0.495123756289
0.612628617808
-0.150514962429
0.378350429641
-0.283513632764
-0.41527828007
-0.427916559641
-0.606744157052
0.831407172995
-0.359999960589
0.309196296168
0.579594169387
-0.185433497309
0.218061499948
-0.200791772573
-0.30387130752
-0.190627103523
-0.205512269728
0.444337862414
-0.188288822407
0.191731314502
0.211399708328
-0.319641211988
0.362111003414
-0.0904244533491
-0.228459754226
0.198986163748
-0.325839839161
0.241541550134
0.329220330278
-0.161006875838
-0.288940552869
-0.293134859525
0.246578953937
-0.223880762997
0.282903726758
0.239327049061
-0.210074466989
0.400564641065
-0.163135791971
-0.357435335906
