-18.2925874051
9.50898865983
-9.58388463214
11.4911172348
-15.7014274181
-9.74056756597
2.97984362078
4.10995763641
3.63659049473
-10.0931197642
6.63601685686
-1.5988655165
1.57031765374
-3.85969413836
-2.20926047149
3.11667299456
-2.71606042293
-3.25526501578
-2.53726234089
3.80737131878
2.86583225984
-2.40729782247
-1.91743989674
-2.53761843765
7.12856170449
-3.24308159538
3.03190508907
-1.68605396046
2.69321745566
2.15653679354
-2.82043577089
-2.14502462036
1.24169440429
2.86415604415
1.47238946617
-2.16461989707
1.69326074769
1.60804712725
-1.49666554645
1.36046883937
-0.768730610839
-0.936784723643
-2.13343900605
-2.85246922253
1.65215317729
2.1638649978
-2.91326404238
-1.39645802374
2.73078873698
2.7592297858
2.04916629328
-1.37728493394
-1.19766364495
-1.19987727368
1.42756321261
-1.18471691079
1.64439414158
1.60138210682
1.01594923338
-1.07024419608
-1.96665840473
1.03567451643
-0.541888833034
1.30002531001
0.659150061817
7.3548713555
3.4764255685
7.8252974576
-1.40203033145
-2.70641214482
5.11245693509
-0.817554948266
3.34938897095
-1.11236328192
-2.16601083199
2.95036820976
-0.939393357512
-1.23596255022
-1.57582824962
1.25248399221
-1.13085143232
1.54624033924
-1.41375653955
1.06259125329
0.864417340726
-2.15716376238
1.00202545591
-1.22675171936
1.45257630558
-1.62543401828
-2.69980919446
-0.712544645241
-0.826057049417
0.983049957164
-1.95202850618
-1.60051370131
-1.16503118231
0.803513247761
0.936473927523
0.858907334963
-0.805565842038
0.866486962542
-0.75345563421
0.500181342269
-0.991412959497
-0.363101517695
0.497697825891
-1.23769968654
1.36830979408
-0.440280245676
-0.503298798262
-0.849581524482
-0.695672671249
0.789510565525
-0.444548732116
-0.705505302158
0.535307657941
1.10591966632
0.84287399106
0.88701342861
0.604857239918
-0.882423994003
1.18817999465
-0.463984789676
-0.426963739237
-0.99285084888
-1.03427815992
-0.398923345692
0.789649005654
-1.02210465015
-1.33815176131
1.37790151625
2.29172631698
-1.37902330529
2.15793607512
-1.11981972278
-0.31396922994
-1.00295434898
0.355195327597
1.48717494303
1.04318879489
0.428628369859
-0.517609217419
0.555847792331
0.734620531481
0.398668477294
0.575173723954
0.61908694821
-0.336371909063
-0.49881719326
-0.725320020238
-0.557194293818
0.5571377245
0.545806494853
-0.646033951496
0.839423750615
-0.345674899991
0.298577462592
-0.403634075964
-0.6683816761
0.448431504414
0.448744150063
0.390094730033
-0.278681978043
-0.448532256711
0.43122572726
0.355603722177
0.236059721895
0.20061098503
-0.260232538671
0.133320509755
0.216119845624
-0.383998328948
0.354174226176
-0.167400743442
-0.171018839104
0.2965837216
0.322682374822
-0.212940794147
0.171213448477
0.226205168641
-0.15254105355
0.311124390436
0.273578291322
-0.170388643168
0.251284215315
-0.225254552516
-0.384231431729
-0.0754196363685
0.119096349951
0.368050699082
-0.361977385299
0.297143087837
-0.214737046252
-0.264568099916
