-18.9736410124
5.28907296796
9.33159285242
9.26912160748
-14.9006949943
-12.1954932175
3.66432974746
4.44970638527
3.75526389047
-9.2572360967
5.06245165798
3.94668157362
-3.44328494567
-3.39475022987
-1.56265958951
-2.67351925059
-1.58239313373
-2.84066585057
-2.13274521323
4.86653615832
4.2461613173
-2.37423428131
-2.64814843583
-3.57560560937
5.44622007057
-2.98957043901
1.45416525656
-1.25377097065
-1.82172004686
1.69608216557
-4.13882225917
-2.30021489643
1.25921497705
3.79759095602
1.43968186736
-2.35559590096
1.39498583871
1.59108354132
-1.47925375518
-1.04712540246
1.6093567717
-0.854428271073
-1.46118624758
-2.40022968428
1.41732456124
-2.33046445312
-1.61403616138
-1.7978577588
1.88936112553
2.26466401838
-2.00640109915
-1.00568690996
-0.562460800126
0.81314627311
1.02334566991
-0.765563756405
0.760491416201
1.60948714471
2.07719878064
-1.17955126341
-2.2510439865
1.19958996479
1.86400343923
0.972400116781
0.905545421915
8.41619581368
-1.80303117245
7.32736927698
-1.74432652302
-2.03014949773
6.81577371025
-0.733872485126
3.89661685745
-1.18285455722
-1.55200711661
4.29591475422
-1.69157763299
-1.21224896839
-0.86298608898
-1.22085744898
-1.27105509279
0.521178542119
-0.731593001161
1.16726066234
1.01115699131
-2.25974786491
1.09993052541
-1.69011303567
0.965825362342
0.67740309536
-1.21862216037
-0.583427088221
-0.65117852147
0.755531585199
0.792773903516
1.65004333861
0.997695275084
-1.22610214048
1.29751057065
-0.507047246923
-0.935103792458
-0.671189406381
0.548529133425
0.954365167211
-0.610662790894
0.564201320357
-0.521400408416
-0.823934167892
0.759588594243
0.74611211193
-0.904117147542
0.389020686809
0.568730070918
0.526080715807
0.810915494446
-0.656844257858
0.449164672367
-0.512433522903
0.473476641365
-0.500274738637
0.560318024535
0.469591692596
1.11278065055
-0.491407816376
-0.544175383626
-1.01147305249
0.72538674114
-1.02867927295
0.711226357383
-0.507681912688
-1.80058090995
-0.434972706146
2.05724430848
-0.327016639607
1.22707767449
-1.54144564861
0.199341039573
1.16102753523
-0.222113420531
1.21436068576
-1.31903064159
-0.600206608191
-0.418096740367
-0.428808013169
0.374082065119
0.465985268591
-0.151026532231
0.474713415876
-0.226428638465
-0.501507982537
0.491171574473
-0.420378695529
-0.664243528494
0.258436115322
-0.38468169145
0.406505946402
0.232281939254
0.228569363347
-0.277400552677
-0.502849015972
0.657346157411
0.277470679158
0.630903177783
0.40090711535
-0.477756511934
0.319233334218
-0.231982452368
-0.23893848928
0.332427001744
-0.224767364187
-0.265415922538
0.257889685702
-0.148829179678
0.285207434972
-0.168105124842
0.391228340047
-0.197407654568
0.258407793116
-0.192096147528
0.296548640943
0.304506294747
-0.13304207176
-0.143216814767
0.155339800736
0.183640680246
-0.187107706154
-0.172154143187
-0.34315595923
-0.161225394638
0.187513621128
0.413342786839
-0.30458037313
0.366174147352
-0.280504149389
0.208156952514
