-16.7644528567
13.52027158
17.3296888854
-14.9033415533
-13.6281309196
-13.4320269061
8.29822897924
7.96649895155
-11.0066965379
-10.7837925432
6.54934249024
4.96277559635
-2.83558461881
-3.71513910564
-3.14367423459
5.36583813057
-5.5872768269
-3.11296263483
4.48065227548
3.11438077152
4.2248051717
-3.561168766
-4.02779032936
4.28435371051
4.52909664735
-2.38364745227
-1.62297998456
2.54211271269
2.47430199309
-3.15213856945
-4.80845962213
2.09992320139
3.60870565054
1.59160529394
-2.8924609623
-4.13126732105
-1.5577944986
-3.27764076018
-1.41129827891
1.47189356487
1.61167912916
-2.58227581575
-2.71934684602
1.97185383108
1.51678793331
-2.75195282738
-3.23144743022
2.79794958239
1.38721474344
1.35994300209
-2.18266855252
-1.78760203721
1.18621104766
1.83805965007
1.59461174436
1.72377244497
1.30029294882
-0.849274780992
1.15805592851
-1.93571764935
-1.63622548372
1.35201757606
1.32972298512
-1.20562642832
-1.75782921197
6.68775762014
7.22436015139
-2.49395026873
-2.88062366558
-2.24707678445
6.77361713864
3.05102946476
-1.21769503923
-2.05519888721
-2.22379358602
4.3542353958
-2.39451031257
-1.6399283497
-1.02973803904
-2.11365267529
2.08541488421
-1.64432453914
1.76503701283
1.2381973694
-0.532250612263
-2.29403308257
-1.80301639119
0.813068902701
0.810271681407
1.10384648972
0.858777677176
-1.34518895342
1.01299647229
-0.879639401086
-1.0995143681
-1.84840077721
1.27481034231
-0.86864635856
-1.12034943966
-0.916986955135
2.11561055669
-0.638860777585
-1.21610780766
-0.919135361477
-1.3045625962
-0.986196323057
-1.08325418606
0.726970153367
-0.824288007553
0.593697762632
-0.573857028764
0.865637190614
0.85368738722
-0.505839647162
0.608788701672
-0.86411315393
0.600591926397
0.706660266752
0.704507364529
-0.987313680556
0.619886171624
0.573847456931
-0.458539772139
-0.673476253603
0.712705734582
-0.830312684847
0.516770123742
-0.463467681192
0.549094340608
0.955673259282
1.99441523731
1.94218150298
-1.90724111666
0.425769349288
1.63660403459
-1.46149124206
0.835057962011
-0.929172304506
0.409589802681
1.86850849715
-1.13621566898
0.60428527562
0.397622780814
0.384256014024
1.10434967063
-0.779786889326
-0.379450607263
-0.522991810123
-0.366293423607
0.467599844424
-0.849469893072
-0.373411875442
0.34516688087
-0.247033749964
0.472740006848
-0.402324606849
-0.466099842043
0.480952360065
-0.219989417272
0.302436814602
0.614572823192
0.388056688007
0.285099862189
-0.23647527363
0.399440294761
0.855043288225
-0.214931435356
0.442342786069
0.486995122634
-0.551683568918
-0.411617405657
0.299780192681
0.293476822463
-0.221231554226
0.264452383718
-0.17540492749
-0.32784810444
0.22858689079
0.241565229587
-0.146326288983
0.325361563581
0.292948956104
0.196897745647
-0.295101380484
-0.360371351149
-0.254936983042
0.205677557893
-0.177393353788
-0.241297185343
0.180575874736
0.224418920389
-0.199778192058
0.220153477426
0.237531380778
0.341672916228
