-19.5390164795
8.10208056016
14.4316221122
11.7505233941
-13.4437945296
-13.9861621502
5.47834217663
6.13726606992
5.17964691808
-10.210789025
5.57154105006
3.48640910653
-2.76323177882
-2.48083617615
-3.06699408909
5.44695404569
-2.71776537684
-4.40007411981
-1.90415900923
3.9578725812
4.28355578276
-2.67988157433
-3.52888123713
-2.07339480781
6.02143890031
-2.09571762535
-1.84724298398
-1.09423001336
2.8671240891
-1.00741204138
-4.1229297079
1.38548771023
2.01419346573
2.08540102549
-1.99788232226
-2.39389233543
1.8574159882
-2.08340278786
1.96378621272
2.010952814
1.1416548792
-1.51052098281
-2.92513951419
-2.37232331401
2.93093219875
-1.7998817997
-2.43219079057
-2.6063938417
2.91609419042
2.48391838388
-1.65049291373
-1.92683186883
0.836479227355
1.86085254451
1.27120027321
1.21026456658
0.979729846357
2.33614609018
-1.30959995504
-1.55711467537
-0.988275841463
0.651062482675
0.975599974866
-0.810484715117
1.54796110429
5.90289757823
-2.36758679816
9.32486485059
-2.81772016288
-1.7107401557
5.11222236638
-1.01432849983
3.69545100034
-1.40216380438
-1.7059449413
3.23698509515
-1.48636987509
-0.958693882144
0.897619389347
-1.65285612741
-1.62926231973
0.771633104828
-1.70997431553
1.12262811855
1.43751679817
-2.04693814052
-0.684449465236
-1.91723809575
0.740985511618
1.03757797071
-1.09824828095
-1.02036267901
-0.64854350329
1.0145179504
-0.902586890096
-1.63949405869
1.27046987515
-1.90701594058
0.601355421034
-0.953075710986
1.09950067939
-0.623753496814
-0.775960348242
0.798844604797
-0.921133584307
-0.601023418227
-0.987330558077
-0.772587962529
0.981923586305
0.818907046531
-0.46086834975
0.793085141011
1.02360517007
1.06405142623
0.537351412697
-0.729191829838
0.70001460779
0.590185192285
-0.903570138852
-0.61470749465
-0.837615495952
-0.569561407213
-0.928586867918
-0.665286125956
-0.618456873661
-0.658009550974
0.483738081198
-0.557738865576
-0.358417718345
0.524870157117
1.88275052106
0.940295344651
2.70870668517
0.408407001753
-0.348485352599
1.37925590465
-0.330449016042
1.17627343782
-0.344431200927
-0.340728678172
-0.975273300615
-0.520142559027
0.476711555008
0.263893447164
-0.372341852008
-0.646263682839
0.278198638176
0.717209222967
-0.387417946142
-0.304523832995
-0.54140383094
-0.359030883084
-0.790022071605
0.169549648653
-0.391342438433
0.388001745118
-0.338822689452
-0.299599118358
-0.482738624905
0.256829273755
0.61175055
-0.347171677986
-0.507896437357
-0.210942421654
0.193741324285
0.400677171701
-0.307144623706
0.19936266995
0.164243344759
-0.420242812122
0.215907352998
-0.34407353887
0.229653168182
-0.294417366669
0.367798890096
-0.142912473559
-0.212426193719
0.360324456859
-0.381197993164
0.296772318059
0.269830696004
0.189514021015
0.211273332153
-0.353939199358
0.236298728926
0.29708763603
0.279935476158
-0.423750030366
-0.271144697608
0.196728598358
0.189234443015
-0.138297552433
-0.188738685795
0.131594606503
-0.230659101478
