-22.2797307444
7.32827768951
9.50311892629
10.1070319553
-8.90119288643
-16.7384290191
3.27591579025
3.67344242698
3.83622366755
-4.94427177999
5.73425115932
2.38137017785
-2.18411589262
-1.3866941174
-2.62775008036
5.06855736063
-2.39035550198
-2.06614384026
-2.74845668253
-1.85993241813
4.69747598182
-1.28670556314
2.68558562793
-3.86626373489
2.71684221135
-1.88085382933
-0.787588318321
-1.18527079961
1.36773405991
2.3480283426
-4.04655795266
2.93457554656
-2.77476493567
1.19589630814
1.77020240364
-2.6761301612
1.86666283455
-0.866548883956
0.967887234835
-1.01819248837
1.08761613878
-1.93981916237
-0.742094567195
0.915703219835
1.14660520618
1.40169985948
-2.48990472148
-1.37454691909
1.07736241324
2.55607676813
-1.60695667282
-0.863572559495
-2.00874593626
-1.07702860091
1.44571429388
-1.60333118831
1.34853876473
1.70770081827
1.75680465976
-1.76158464036
-1.20283525973
-0.838295091958
1.9814094651
1.72285401936
0.975308700869
6.51508111005
-3.4391192401
6.25782616949
-1.07267574299
-2.95746627563
6.35672140296
-0.905633341241
2.94647081988
-0.751625628424
-1.78855983874
3.91958918577
-0.898912594646
0.504561675105
-1.02976748124
1.10348816092
2.01392451156
-1.1673390112
1.14959007404
0.672279732133
0.876020980438
-1.81455735691
0.462870176674
-1.40574009682
1.24652207117
0.923372286044
-0.974667500244
0.651168352813
-0.585202496723
0.688430468749
-1.56283217493
-1.79976059873
1.01615122537
-1.45192639887
0.930052015491
-0.795013464465
-1.38939628033
0.638781042353
-0.764605594518
-0.993039861604
0.663350096689
-0.806510334427
0.65557299452
0.406947035973
0.375963327112
1.0030994259
-0.827747857941
-0.884837353943
0.589223052772
0.541698093489
0.73091866635
1.15066330859
0.296242544316
1.19716535313
0.958535086286
-0.470788885866
0.606556729316
-0.587916351757
0.818238879236
-0.82961395859
-0.489415471961
-0.911093285441
0.610096602369
-1.34627591669
-0.875300580073
-0.607809252312
2.53375998933
-1.05966863695
1.8151743841
-0.716865536462
0.663038774383
1.91338447079
-0.290919594744
0.980761391333
-0.220157568828
0.471467324381
1.06844115893
0.392181319875
0.194517445652
0.318266270827
0.311150236617
-0.696790914166
0.426617663503
-0.491969653349
0.179053761348
-0.400927309743
-0.40611467817
-0.112635319597
-0.542018789587
0.465113096001
-0.328676408965
0.419782852027
-0.190518981238
-0.25028184931
0.183043750042
0.466215436788
0.75652123076
-0.296419543677
0.595494603591
-0.219071233055
0.481221219184
0.484902774062
-0.223267026605
0.263379684525
-0.311235397775
-0.229636742225
0.139809485436
0.28227435742
0.102560926405
0.127870909236
-0.242999455853
-0.3938487949
0.311334169592
0.150150066986
0.234894670195
-0.321624656834
0.325173204506
0.180403510727
-0.295921221247
0.34751835439
-0.357330993038
0.266548008562
-0.283616680778
-0.243150937161
-0.151823137282
0.198322411135
-0.294917872369
0.154923568942
-0.525941565435
-0.332779042982
0.283643175776
