-8.33749707623
5.82840165862
-5.55153326588
8.93756110564
-10.6059749757
3.34432216009
4.1855481083
-3.09498318819
3.8756613748
-7.28338317166
6.50341709539
-2.4105955937
-5.37585319598
1.11782184347
-1.05735730409
4.22103232683
-3.18421556011
-2.20638204629
-3.40704992296
2.55435587188
-2.08022802013
-1.77883218291
3.85197974925
-3.47815271375
3.21609757548
-4.2772230706
1.00327327452
-0.723518305478
-1.05127230771
1.95925033163
-3.32270230414
2.90799148774
-2.92251292131
-2.42395385143
1.96534301177
-1.58953648157
1.21488643889
1.75148824087
-1.07961437189
1.43104890506
1.3540511679
-1.54611124232
1.7523399312
1.41460654242
1.37422425692
-1.49675365163
-1.37805771982
-1.5479835235
1.59904441921
2.1986326455
0.683306821778
-1.03143882627
-1.24940220364
0.710628147005
2.19054470431
-1.36072671595
1.27490586188
-0.883330224515
1.3382747603
0.893926089687
-2.33832849253
-0.945999335221
2.67570550902
1.29256461128
1.64433864651
5.82463215487
-2.97306722678
5.65421233509
3.20696436431
-3.17949553124
4.85296878489
-1.20863513262
3.25568471171
1.56326102034
-1.78442437808
2.87145071116
-1.43235809052
3.23157225745
1.7295187805
0.753334975723
-1.45105554707
-0.670048920467
-1.10542239915
-1.33069651956
0.892104422439
-2.92014526337
1.51308855152
-3.50138491549
-1.95259035467
1.10936169001
-2.31620338219
0.66543294779
0.356794179341
0.610168571974
0.920487110065
-1.76582788174
-1.03833196378
-1.41230902307
1.18994388161
0.777361712297
-0.795378771789
-0.904256642181
-1.24805958609
0.779914526376
-0.677959804185
-0.804578635455
0.76136223868
-1.57635960325
1.03075688383
-0.864714571265
-0.827311821723
0.324468456417
0.389146895229
0.812635806845
-0.957087893787
-0.530236713671
0.506264203919
0.780291390412
-0.697216132142
1.26684347019
-0.609566364969
0.808169071808
-0.669893328206
0.524430479109
-0.804588309054
-1.02903249466
0.684487329278
-1.20625785753
-0.887191854773
-0.764942588425
-1.17457843966
-1.27737956295
1.1717819675
-1.54629897026
-0.546061305846
-1.06068856253
-0.468030982905
1.03254012114
-0.828577191368
-0.236853380795
-0.87529610989
-0.303053694718
0.868915502362
-0.935215312586
-0.225688705375
0.433645009251
0.291699366173
-0.437856724059
0.531054824983
-0.185173426748
0.690995381879
0.545131784149
-1.08975407639
1.06914776566
0.435056074941
0.953539893017
0.263270598568
0.165087668476
0.274485099225
-0.224470427387
0.63296455259
-0.389426369629
-0.53542176962
0.384085777035
-0.187500532766
0.288317321428
0.266412339646
-0.530012384078
0.317471593313
0.309487096484
0.296207162977
0.285885904092
-0.67007706935
0.3193689164
-0.35295523241
0.187857128074
0.0630671849062
0.146559643186
0.203870896178
0.35303142606
0.117683896033
0.219138848105
0.36804336204
-0.238853178997
0.411491329723
-0.268044559092
-0.388506689578
0.204429457911
-0.215664724987
-0.234640244595
0.344143265171
0.139303133262
-0.388501875802
0.359168818876
-0.185122530165
