-8.28926889549
-3.49536549798
-9.67111231376
9.14798765245
9.65554132221
2.59299037928
2.85258961112
2.74093569273
-3.84716094382
-4.95818683262
4.98036293958
1.88511391779
-2.73188662414
-2.24844581535
-3.17395930375
3.13913526973
-2.24354116814
-3.98307442654
4.96766260564
4.08767178041
3.34537806773
2.42596982278
3.10321510844
-4.72507327828
-4.30491891625
-2.64817213468
1.43244294212
-1.39013381892
-2.81928415594
3.37312541979
-4.67579879315
-2.9914053632
1.79255707069
2.90929384387
2.77078640293
2.04749781795
1.89106182521
-0.945806930943
-2.8686635646
-1.33773989741
1.14338077476
1.07138457152
-0.4706530036
-1.75453512719
1.33256932723
1.45283301525
-2.48726840822
-1.83640524083
1.92209790601
2.59090503339
1.29005415557
-1.12917695532
0.809560404587
-0.673190979521
1.71066787494
-1.01569658463
1.36759688193
1.36546095537
-0.459116171284
-1.23436820722
-1.31654852349
1.15581505162
1.37637501185
-1.10046839777
0.962226973602
3.65323013657
2.87657806847
5.95218158214
4.30841862098
-3.91784224125
3.96087724718
-1.18327531321
2.13176920364
-2.02043079247
-2.12965905128
1.92508030491
-1.56117572578
2.20830344586
-2.14331187898
1.59723272733
-1.44326904938
-1.00447240193
1.11242918275
2.34062508202
-0.904375617761
-1.55021823499
1.30981219587
-2.15491934742
-1.3749418173
1.22281548351
-1.17075980266
1.03106547307
-0.713272924883
1.16272762329
1.10636035515
-1.80492572444
-1.29594212621
1.08040242776
1.04559157229
-1.01300825313
1.16634306604
-0.784354369431
-0.434289728116
-0.75241739124
0.919804044347
-0.548653544361
0.962875494087
-0.538523989809
0.951149957317
-0.739579366574
-1.0452443905
-0.627627135135
0.619694684699
1.29781363514
-0.617593698967
-0.750659986848
0.616444035053
0.510860412292
0.440609971093
0.680099627346
0.511474879963
0.64240552844
-0.411965128995
-0.734556237038
-0.561443785403
-1.07617092332
0.732839816151
-0.639236389197
0.62929596367
0.300260587883
0.958701582146
-1.32377651283
1.68386120763
-1.67261474711
1.46979884787
-0.973135973008
-0.308922218604
0.674627768067
-0.538342858195
0.97133318181
-0.602456045326
0.149349399605
-0.586132682164
-0.476887916078
-0.211237292923
-0.382037412614
-0.265329974532
0.393067886127
-0.779213014494
-0.472768474005
-0.581421280428
-0.36867721975
-0.817240719755
0.509739846004
0.45307474688
0.469147974514
0.206147853653
-0.163970595165
0.481998238414
-0.39607798167
0.669893573297
0.505130894572
0.42102013849
-0.462871180831
-0.373859466475
0.343876916625
-0.325817226094
0.179990836712
0.254826389984
-0.377375287478
0.377882259612
-0.221647959971
-0.170865137615
-0.321737330268
0.250348153594
-0.287641074242
0.262579315385
0.202559638018
-0.320141498893
0.269226695965
0.184137387616
0.218248127454
-0.235234335413
0.132701035736
-0.249567754985
-0.110942516543
0.188988265639
-0.158787719724
0.23660225886
-0.247825091353
0.321836729246
0.27583735716
-0.211081033526
0.175371200558
-0.216319024603
