-22.8989402042
-5.51061713424
10.7611637559
11.5102720128
-10.9036871747
-9.74955277812
6.06793206014
-5.81580962381
4.68704995055
-4.75110239335
4.20334700247
3.66498272954
-3.28174091742
-2.06218707112
-2.06180055495
3.08232966693
-4.25235999639
-3.64060074968
2.67373742201
2.14135465161
3.33508211902
-2.9181540646
-3.67744696337
-4.04146795581
2.98666807225
-1.8477375301
-1.26855609355
-1.41498291085
1.66289265798
1.7425769426
-2.25963814007
1.66690716557
1.51780640983
3.27995670686
-2.8672980322
1.67344126336
1.66220611635
-1.42930380268
0.696210233666
-0.765279649188
1.06166038432
-2.01632240797
-1.72317975661
-1.82048249315
2.41715675235
2.20481269921
-2.57723797752
-1.09012358427
1.37554055483
2.99691865751
1.68695049866
-1.38793143757
0.894875219079
-1.58473105521
1.85176074396
-1.20826478778
-0.670914865285
1.42174046298
-0.883188779458
1.29484553482
-1.1667379446
-0.890019930475
1.1992488475
1.90248436184
1.26291050722
8.7598514956
-3.16447275476
5.07467333309
-2.73905862569
-2.48651558294
4.15100700872
-1.54637334068
4.81455406706
-1.77118122421
-1.60559647282
1.50848757396
-1.84869367623
1.97351234951
0.859035518383
0.85488395611
-1.67684795768
-1.29414384949
1.29420902089
1.64009905351
-0.514184354254
-1.69709060487
1.11943413134
-1.84980133448
1.0201892862
0.925957621086
-1.3855616821
0.680399933605
0.868546614568
1.11771651007
-0.579091614398
-1.43455796478
-0.889054503738
0.965487369894
-0.89343949174
-1.28142163211
0.99319770092
-0.646045036646
0.637986927443
-0.634753681611
-0.431656765268
-0.702586946485
0.551827642499
0.834970973203
-1.15823656988
1.24583959989
-0.691601166648
0.634484038272
0.561826108549
0.765825928022
1.08766898719
-0.989189410216
0.591565135769
0.507918775605
1.1572673518
-0.59931506345
0.762793662633
0.395371336
-0.463433398545
0.842029847459
-0.700032293895
0.45792478799
-0.319565780926
-0.684271016506
0.993859104433
-0.74395586606
2.28236102892
1.20708003416
-1.46002343271
-1.0198853144
0.828426525552
0.846682117688
-0.725918768161
1.50583628748
-0.518175568565
0.499564479014
-0.356010048998
0.630294005004
-0.57863351683
0.393429128987
-0.378704394755
0.323269337919
0.357080070046
-0.612235214747
0.42273086319
0.217442725583
0.407367386549
-0.36577501384
-0.597943273777
0.310151341108
0.413039180792
0.376524419783
0.379049823676
-0.372822909236
0.260104264146
0.315887935253
0.567318513289
0.349630209722
0.316430167416
0.3701539831
-0.467149518193
-0.42314212618
0.291541674807
0.308095996121
-0.21586294429
0.186827740674
0.201266181713
0.237205401903
-0.330422194914
-0.506822185538
0.601019042442
-0.319774996861
-0.258249536689
-0.248560539985
0.253137532808
0.366664528894
-0.460164133074
-0.146953896625
-0.135765912416
0.274591211594
-0.361532348323
-0.363122962489
0.152737478194
-0.214701183636
0.227406727489
-0.273682451996
-0.103121734076
0.148991031317
-0.271285530817
-0.307949654605
-0.25900419274
