-16.1656769365
-13.719326535
11.3502389647
13.0716517749
-10.4928357161
-13.9827871418
-10.5621498143
8.01161997046
7.87774269936
-7.47778903487
-7.7168625365
6.1265729361
4.24993358007
2.05258832803
2.6952966895
2.70113260987
3.94547523947
-4.37560048802
-4.11733635923
3.96103015179
6.17492288944
6.92562957279
-3.28119828467
-6.1238869942
-5.43829666924
-1.49078267135
-2.56882899206
1.80633039634
-1.79588397971
1.09426789708
-4.62148615391
-3.63816088281
2.4882510561
3.90668431562
3.28430214126
-1.45476644925
-2.75973961954
1.44262169854
-1.93376422782
2.53349095195
3.69526231007
1.61147439113
-1.30590476704
-3.38516598217
1.47261262562
1.9357240208
-1.84547453795
-2.3432839363
-1.81640186037
1.46916555699
1.60223676703
1.40495719371
-1.73395632538
-0.79264743016
1.45795071673
-1.12784795649
-0.864624012019
1.41126169775
1.94375956799
-1.74324613254
1.2133867235
-1.3480611855
-0.809683656074
0.71791326331
0.902524035454
1.83636400959
6.48456879627
-2.56105684164
6.68316339785
-2.78297167252
1.77048617748
5.78828538381
-1.26284921753
2.65626968055
-2.0618882304
1.96040574914
3.42674327004
-1.61961305804
1.250229566
-1.58697159032
1.09155981197
-1.42969275116
-1.15523041125
1.76374150793
1.6358009065
0.873653145361
-2.64887266513
1.25987105252
-1.16078432064
1.46499734881
-1.07070624238
-1.69773560431
-0.648682806955
-0.888918579558
-0.59777526977
1.29689808557
-1.66390596715
-1.16774892369
-1.2627722534
-1.03399218547
0.75093278423
1.67581887711
-1.00590498918
-0.768432441895
1.51607890364
-1.35493302331
-0.894457860725
-0.588158597096
1.11227138144
-0.824186700374
0.589705176495
-0.769933985532
-0.694692275435
0.821312363633
-0.552293150785
0.630666967576
-0.627150037572
1.18587629942
-0.470518176331
0.694485462829
0.504658321147
0.56517401923
-0.952726115925
0.587420571613
-0.692908531975
0.806253822731
-1.00050082183
0.439566758373
-0.576049060403
-0.508884394647
0.647925714862
1.78054492705
-0.698855290194
1.92321818486
0.514923470326
0.85512332057
-1.46314544887
-0.299062106869
-0.823270717001
0.277267526182
-0.449192494803
0.795317807398
-0.516284154159
-0.358631998157
-0.500361863205
0.342245841936
-0.398031289726
-0.316407799007
0.573669007709
-0.549138259324
-0.376213157529
-0.865393299287
0.369637600238
0.461905159611
-0.199838371161
0.296000278272
0.592325788089
0.228854054077
0.264363474903
-0.239103089388
0.583140943883
-0.669782884419
-0.475737219718
0.595325333117
0.301886037204
-0.295718659043
0.525664813409
-0.35409310521
0.287456848173
-0.543368038244
-0.533346847133
0.251236033135
-0.211680775276
0.465512673109
-0.292813924951
-0.284381232744
-0.239066958292
-0.283883583176
0.199707523054
-0.190034239569
-0.24624830465
0.215268925332
0.421617249804
0.33018874113
-0.247157460852
-0.227758679833
-0.180789711771
0.411381915559
-0.203937457812
-0.231278281995
-0.35785325623
0.300168642246
0.121454607109
0.238634361664
0.164475069121
