-17.9880737512
-16.494325262
10.8963367676
15.9390567545
-5.18285235801
-14.0773769346
-12.3735949264
8.06722106159
8.25399472742
-4.41092680485
-5.21196664436
6.39275034454
4.10802442822
-1.72375475153
-6.3784016565
2.84687932192
3.53738019779
-4.06834620015
-4.2950719359
3.33623444837
4.17204381619
-3.97045530837
-3.55756836484
-5.06362156413
9.52158786765
-2.31688646796
-3.04082854606
2.1256951563
-1.29526659011
1.42262366841
-2.15232247116
-3.3188684909
2.69464220812
3.88212730357
-3.74546775714
-1.8911347062
-2.68773458587
1.12170829817
-2.5404712597
1.88862838129
0.759668332019
-2.13400454716
-2.36232485066
-3.22287352885
4.15284156397
0.921937943409
-2.03516641302
-2.3632097928
2.48466779464
1.57442009172
1.36471326304
1.56805040092
-0.717024016175
1.23733200967
-1.63393848649
-1.41856459765
1.30522461418
2.06598542383
1.62535989087
-2.35321991952
1.71596785164
-1.3295548328
1.17144595667
-1.33782260298
1.58117054827
-3.04796105076
5.66731933716
5.95048883857
-2.51400407062
-2.58304972144
-2.88647398023
7.51624147527
1.97226286802
-1.160065438
-1.59707030185
1.08747125214
4.6058971875
-1.19499042695
1.08126537838
1.92349240436
1.02640869643
-1.98269548834
-0.933513926954
1.61265337981
1.33043020644
1.32641011776
-1.80280685854
-0.858585471658
0.872553514836
-2.77935760841
1.09746750668
-1.39091242741
-0.796107148015
-0.901001016076
0.657329845188
-1.12377931527
-1.74597623808
0.818130864708
1.18799711698
-1.0148736064
0.871110524105
1.18973084522
-0.582928937592
1.31390750044
0.458890938565
-0.422370926795
-0.787438600808
0.587911845476
1.29615497181
1.42543957147
0.802186428163
-1.05192007373
0.838986054227
-1.03357118975
0.540077434463
-0.455130849579
-1.15051764454
-0.726374226557
0.448784855548
0.905960208917
-0.866615435808
0.77452030613
0.950843966093
-0.852680877745
-0.562359239133
1.18609944262
0.479879648645
0.699736576391
0.479031672945
0.973387125776
1.55811289313
-1.21724420377
1.86132933901
-1.41127148299
-0.796784067826
1.97597918988
-1.7798866969
0.687543496287
-0.656206687431
0.446899726947
1.2984148692
-1.16784920642
-0.422007149422
-0.410138171879
0.890449472433
-0.331138675104
-0.696370081915
-0.440385114847
0.63654182669
0.374532358389
-0.457971877186
-0.474815296738
-0.282708020884
0.371646136656
-0.797567695629
0.408377793128
0.394354025858
0.285155550481
0.276465778817
-0.394609516077
-0.48551268845
0.449718636699
-0.317044393679
0.471954466062
0.303846649927
0.437891101731
0.392423731586
-0.184035715261
0.409148565696
-0.264900788289
0.228635825825
-0.216951398779
-0.244682896828
0.534137460443
0.443326548943
0.422807221448
-0.357941295613
-0.239047703908
-0.486400440258
-0.186355713858
0.215803085457
0.382321788072
-0.281805428404
0.194871619315
0.230588625601
-0.459022098215
0.24495058154
0.30673144706
-0.293144469111
0.268482821228
0.466837707245
-0.154154823856
-0.236098406741
0.24402622124
0.371721528027
