11.1668311701
9.99635133915
11.1083237593
7.6746808516
-16.6319749233
-5.53327938491
6.71654580036
5.88496391656
6.60732427026
-6.59648804217
3.55544328243
-2.23044367654
-2.61176016203
2.3847956505
-1.65028004053
1.6589946745
-2.6256478734
-3.14051089264
-3.0688012194
3.03330701239
-1.94652988104
-1.82914890609
-3.45580834209
-3.17910292621
3.70042802129
-1.94347587256
1.49839414802
-2.34630524603
-1.14511934622
1.60008389652
-1.50336421397
1.67281988361
-1.49917359235
0.675002977669
0.410009619272
0.686265918803
1.02556228025
-0.969466510202
1.9387226227
0.664169060904
1.62866966777
-1.47494163624
-2.47937424957
1.48393240753
1.81409975721
2.08187637008
-2.09082239618
-1.35355155581
1.2076302513
1.84379284599
-1.3456388705
-1.48142836738
-0.890349235847
1.26826755106
1.25876781185
-0.586820413655
1.16019579618
1.32762285876
-0.711062184522
-0.957590172188
-0.543363768744
1.11009065485
0.391311998878
-0.491895361432
-0.795986288829
6.09302748866
-2.69480666807
7.01681100267
-3.60395951529
-3.05982572815
4.54501011457
-2.33255194533
2.78265141439
-2.38640546582
-1.76241442455
1.83683680297
-0.720801852662
1.31973123034
1.35492226605
-0.938954570703
-0.589097864736
1.15864602846
-1.29597635393
1.30866466335
-0.482090274206
-1.39940862823
0.964608299172
-1.4319021444
1.54129616571
0.596063432774
-1.30705371077
0.971059169923
-2.04385653392
0.512202238072
0.603735435732
0.671454380241
-0.832545949767
-0.888476518597
0.432291046591
0.161817902712
0.623683305938
-0.997514395226
-0.584553431539
1.08721894565
-0.211627282233
-0.880341100765
-0.383134902904
1.03352855933
0.563387247881
0.469066724316
-0.786011816113
0.421200187046
0.762062091061
0.415891919887
0.446443226516
-0.447005368315
0.295539565767
0.538301550782
0.499536137459
0.382179437926
-0.463623877592
-0.592280859196
0.707643911391
-0.546811047566
-0.333105185782
-0.328029533075
-0.50674588309
0.37840954287
-0.381352219141
-0.323035404113
-2.10021656982
-1.11243617433
2.1969254532
-0.664735790695
1.18137239762
-0.973697976351
-0.819911668482
1.10145086111
0.482054918321
0.391996080508
-0.708221752896
0.329077779391
0.483650769095
-0.455506769424
-0.240049078182
0.144410239219
0.350565181948
0.29563188392
0.234799998721
-0.257145596079
0.295980926176
0.262836032855
-0.52464095251
-0.282671057133
-0.33526539501
0.560707294792
0.362293250924
-0.417451858783
-0.196457124896
-0.359855518638
0.333447394569
-0.23259415998
0.234560008827
-0.150951687935
-0.222185161851
0.143973681308
0.194459937202
0.20360674279
-0.324372354627
-0.104102411972
-0.276304475388
-0.136537360116
0.263997940693
-0.174101803391
-0.188908042137
-0.310355410537
0.135809933965
-0.171497151677
0.161810066743
0.220551492393
-0.107548902629
0.15269772164
-0.203225709401
0.222792055725
0.171383635764
0.15399176292
-0.283754257058
-0.254095879471
0.160592741111
0.156162325579
0.120951635815
-0.234077707271
-0.129257437267
0.110492405463
0.130579441086
