-5.85103948519
6.52867957697
9.07012701954
9.5311715569
-11.7736015135
3.78767867206
3.7734777018
4.10573937265
2.83035553771
-7.46590109914
6.9063649715
-2.89004298482
-3.29232718025
-2.41718734969
-2.3293798534
3.29069732767
-4.00866746349
-3.38253640775
3.77392179689
3.32490496934
-2.00478696588
-1.42556305019
2.80747928893
-3.4962470198
4.55606370113
-3.38045358769
1.35815744609
-2.11233354482
-3.07230334513
2.38853879248
-4.84172343745
-1.05510857816
-2.67621563831
2.36330782326
2.31462492272
-1.33835036957
1.40453869808
-1.77163514725
-1.21317712942
1.65975431188
2.13137094249
-0.870279275061
-1.20666185436
-1.80908596243
1.7184459073
-1.57205980479
-2.41651527613
-1.36816356241
2.42993483087
2.09791774123
-0.618249021547
-1.00009690955
1.30390866074
-0.892321495742
1.06808259198
1.25855439115
1.60989796643
1.91445500483
0.889340182999
-1.14786499555
-1.37301606116
-0.486247976251
-1.377949975
0.866186178828
1.12294493583
7.11526234889
-3.44621525541
6.65197258745
-1.44754447437
-2.56599503948
5.41847711145
-1.96710388923
3.13077326209
-1.01494717244
-1.79591255662
3.26806974655
-2.03336957264
1.81845424302
1.31019331529
1.05079154517
-1.55491142809
-0.952300788138
1.45330133864
1.3369421081
1.34324514297
-2.23809689808
0.92073389945
-2.15976954118
0.988327311099
1.04425272533
-1.8215065732
0.990923565404
-1.46823790114
0.922628735732
0.958995252202
-2.13477994705
-0.731138416188
-2.10417504184
0.578368187114
-0.6835127845
0.893064969857
-0.610945062492
-0.863252064877
0.641876234141
0.616194460116
-0.836551054359
-0.683531274763
0.624738034606
0.78277225446
0.558198377215
-0.815067879485
0.818669802604
0.736994213686
-0.586520108705
-0.589377493405
-0.265831675519
0.609195183455
0.554923605186
0.699005128085
-0.564125873544
0.528886665461
-0.76591898652
0.665880062238
-0.442714369823
-0.353539918868
-0.577387460436
0.458542758088
-0.852476047927
0.435982281334
-0.349287430501
-1.84153464197
-1.23379459179
1.79025797087
-0.503599053636
1.32608836519
-1.41938677393
-0.323045386846
1.00025901316
-0.224080204185
1.28748636903
-0.858577924121
0.555730328243
-0.628566968456
-0.524040413471
0.729946444947
0.427435059705
0.44993248904
0.478973850047
-0.462346085645
0.371688445554
0.464716221776
0.251009246329
-0.605035146366
0.373640039241
-0.855023864604
0.707030952349
-0.325156863704
-0.362949061235
0.489046025318
-0.521193799866
0.862679163923
-0.204590189226
0.77434134003
-0.371863846264
-0.475368650704
0.363774344764
0.187426909127
0.20424999991
0.255167371797
-0.394296840326
0.302871861933
-0.192815648512
-0.218500301471
0.258008856434
0.198618788365
-0.283035042839
-0.200735009518
0.205273824669
-0.238637443902
-0.191299622015
-0.0808708477744
0.213650211067
-0.160903206343
0.182205575432
-0.158695256926
0.214444962247
-0.243306017769
0.280594796575
0.204851331143
-0.129497128399
0.245850398967
-0.27996099383
0.234307734732
0.0796083492549
-0.152016787385
