-22.0980616811
8.94553021835
16.4797475478
16.0748270105
-14.4024541317
-16.0926981173
6.53659274096
4.97821985044
4.25275384632
-8.32849427201
-4.99455167373
3.47740712511
2.11368206561
-3.03494282665
-1.96147679039
4.75715461708
-3.00640395151
-3.99506914104
2.38867113183
2.87241284327
5.50751977111
-2.28486016202
-4.42590165808
-3.56425876806
4.6909525681
-2.2242448677
-1.1048210496
-1.53085520921
3.06338571262
2.39565584818
-2.19893400519
-0.778686472292
2.07788901638
2.57883214998
2.93686480662
-1.81263898884
-0.92500904159
-0.941289710707
-2.05981994598
1.85868864506
2.42005877516
-1.42843226803
-1.42649326333
-1.25777407378
1.02053976979
1.79729731895
-1.80284889619
-1.57415269652
2.32327458401
1.42160582019
1.49878829449
-0.966939682058
-1.97188449491
1.13240174197
1.08815126387
-1.09618416092
1.10834601684
1.92162263794
-1.27465397021
-0.925941417565
1.00333785305
-1.28014181592
-0.766310639664
1.29854200621
1.01528856441
8.60273372261
2.22532346732
4.50624007862
-2.55146405449
-4.80668806768
7.40032678546
0.797998814359
2.07168328232
-1.27742699439
-4.66648394444
2.23036126132
-1.20657147249
-1.61225258018
1.22436593706
-1.95352872058
-2.20019255405
-0.937038322112
-1.01663359108
1.94916673008
0.617331343059
-2.32405640458
0.568927815851
-1.37196465833
1.34856540158
1.18753800923
-1.74174853722
-0.921382212205
0.710105961979
0.999876703368
-2.24851478163
-1.76546326991
0.612700497945
-1.27215658694
1.32721836559
-1.73994459224
1.0996615353
0.604732378977
0.673409946996
0.753620307386
-1.21442361936
-0.849880309279
0.645321496583
-0.868753215056
1.0154252647
0.652979197943
-1.01503513732
-0.53561048239
0.490553413331
0.983864924409
1.0461704176
-1.26397606354
-0.608325073655
0.786225881431
-0.604192975584
0.641493721039
0.895457476787
-0.289045321028
-0.906759733895
-0.514632927533
-0.49666239867
0.921815711291
-0.713573673661
0.534299914473
-0.370852008521
-0.627560623438
1.99326473979
-0.79330922119
1.77849885514
-1.22316544898
-1.12640690208
-1.85149239031
-0.268877392875
0.775514569713
-0.346202692738
-1.16146349036
0.856494600231
0.305381448577
-0.659994594801
0.608448217226
-0.643993614235
-0.572634857408
0.232671739951
0.479246828468
0.594029946329
-0.278144097519
0.578075519609
0.323637324411
-0.525066417145
0.378317552032
0.320856075017
0.514715662743
-0.428458438989
-0.185332820199
-0.463918945637
-0.696883725646
0.442024577154
0.332581088514
-0.455091912704
-0.537525180032
-0.618913570962
0.374966484945
0.138334854466
-0.207306507223
0.311696183083
-0.347987765051
-0.375714876805
0.135220843823
-0.361537759019
-0.336990873064
0.224712093804
-0.361013315352
-0.233320568758
-0.20171072765
-0.278036404564
0.323959655426
0.35241827876
-0.194331558298
-0.26717898725
0.150155385911
0.258560576101
0.301393721311
-0.220770531799
-0.441087860843
0.234652866431
0.134935950127
-0.22443974094
0.238063753111
-0.177935529331
-0.16372989105
0.308874184981
