-12.2611872188
5.9523682768
10.0636922456
11.0597031399
-14.2085125177
-5.07509217663
2.57064135772
-3.31561157345
2.36131371946
-7.9916134505
5.60635069351
-2.5102398397
-6.44887903532
-2.4123770276
1.23304980365
4.97897023311
-2.41879198347
-3.81326994817
1.22298823913
3.24965200834
-2.78455852488
-1.80193617714
3.62770085673
-1.42356812601
2.96188787353
-2.24787655032
1.50836655149
-1.363229229
-2.16689236136
1.70954530337
-1.98866014355
2.12141001323
1.93195413074
-0.989948765033
-1.97621520059
-1.07986487433
1.06015209582
0.830582956147
-1.29986561481
-1.24642567979
-1.1033988967
-1.388788886
2.46165207
-2.02187828926
2.09655373556
-1.83908293989
-2.03753175383
-2.12574320365
2.23371806552
2.88868755436
-1.35619747158
-1.13501590947
-1.80026649271
2.35791345599
1.44542648674
-1.06124160952
0.707654493935
1.43038480715
-1.06738556912
-1.2441558325
-0.619988280239
1.5936199959
2.44277801797
-1.61323362514
-1.12515794406
6.45341608505
-2.52218594266
6.59393199923
-1.86131647757
-2.94499754577
4.49888474787
-0.906186947388
2.69830552959
-0.928781590892
-1.74795199046
1.83529567917
-1.47434549561
2.97569758754
0.725690015736
-0.668725913156
-2.22974918208
-0.968958490183
1.33883371607
0.948428905707
1.0547549473
-2.53562756062
0.676723947904
-2.25515486228
0.999024927893
0.843556345104
1.01941035641
-0.733175094363
-0.684853910771
1.18141200215
-1.14851935678
-1.13746005866
1.32161131743
-1.21651184805
0.662138305937
1.34044518204
0.993203013726
-0.37489286937
0.390879530054
0.755973819624
0.423129678936
-1.34947718603
-0.585303437048
-1.34170560444
0.945136721347
0.408881512811
-1.48193227536
0.483804069154
0.645726731654
0.497851123341
0.640328145161
-0.544916596688
-0.370394017795
0.93377427068
-0.643755503821
0.56344034733
0.718728688759
-0.450660131543
-0.706474998289
-0.594937893316
0.311692897555
0.449191702154
0.84582701181
0.746585720333
-0.733370290629
-0.897591218072
-1.8571778267
-1.07463812566
1.61786519408
-1.93894580843
2.05930256833
-1.15088928521
-0.200541959699
-0.740768133188
-0.442038171556
1.39274014526
-1.01331217575
-0.382472728198
0.7619125504
0.488240176795
0.693918370637
0.44651000488
0.480843040281
0.450018231291
0.242269324366
-0.24803308319
0.649542904702
0.224725802616
-0.795295343296
0.34818975719
-0.382044888172
0.485227881589
0.293705712726
-0.241407559679
0.395810892083
-0.391699495905
0.365905955868
-0.482726038786
-0.365556479593
0.261219335313
-0.517265165507
-0.226727922583
0.156618215043
-0.132284049253
-0.240336072319
-0.168625823656
0.283664072196
0.169286604879
-0.536102032651
0.302802208136
-0.39297257275
0.278082225189
-0.221466481579
0.179348029231
-0.166513752203
-0.404462613799
0.147070683221
0.151394911073
-0.176565874416
-0.265129016694
-0.225573385036
-0.241492923645
0.249938626569
-0.224638466551
-0.172497857115
-0.128030981579
-0.150069811294
-0.237725122512
-0.35653900059
0.308726736019
-0.254698893949
