-12.1927107919
5.10049889721
4.78958309902
-9.29155351163
-10.2272777348
-6.12518444609
2.44001129461
2.57024965266
-4.96102819991
-5.45453034635
5.12690492653
1.02257385278
-1.03059997866
-2.54312490443
-2.28213785732
4.99396281627
1.20221699304
-2.57328965515
-3.48519162989
-0.941037519455
3.888943064
1.85631088114
-1.23292218667
1.85182521928
2.66769515314
-3.10268890511
1.90513635497
1.86554442849
1.16414971192
-1.62439189593
-3.88241428737
-2.13213210771
2.54782805188
2.82009663562
3.5624782941
-1.33565872185
-0.874269315549
1.55013701834
1.11166354835
-1.12534917921
1.09390258861
1.72725156775
0.864781863166
-0.728762082368
-1.46887141782
2.20083211262
-0.96279038637
-1.17768442173
-1.28155672948
1.54845322947
1.27009654476
-2.03135746385
-0.800737411015
0.887013484135
1.27955103023
-1.39466831332
0.458385219615
-0.781195472195
0.466546127994
0.705721217619
-1.32307808595
0.700241874201
1.04845238493
-0.646493600961
-0.806405195395
-6.20989295971
-2.58587275098
-3.40328330541
-1.98572397331
6.89766653681
3.54034326617
1.30513941304
-1.66540469
-1.18481511553
3.91229604318
3.34016164431
-0.926446391546
-0.722641691501
-0.768638611147
-1.54923337328
-1.8645223032
-0.64190070366
-0.947284389256
1.24747569425
0.761503780006
2.20880311543
0.933192660728
-0.986505052039
0.763581756739
-2.35365740156
1.68520879534
0.723999826891
-1.09042155365
0.633674984851
-1.09686340483
-3.44227057698
-0.899826659536
1.52363010581
0.859696402957
-2.39646685946
1.05735330492
-0.941309633028
0.698862121302
-0.542758143447
-0.630291378611
1.17089096436
0.97612575517
0.518333031736
-0.473770536105
-0.759076588824
-1.00078112742
-0.557713014132
0.317904119804
0.755643742163
0.571807862049
-0.724969611395
-0.843312644076
0.104629320522
0.778208364865
-0.538752661656
-0.741965935647
0.42631769293
-0.588807147756
0.23784601961
0.383175065149
-0.951504602329
0.350490814636
-0.511870490605
-0.52052033324
-0.562653787889
2.91098497257
0.80954325272
-1.01389589133
1.97644971033
1.80969193894
1.12235943249
0.47480164526
-0.484534777981
1.13437805498
-1.00173317453
-0.989969764999
0.26171865355
-0.161389765276
0.256763799906
0.539983374768
-0.666024995319
-0.219335880336
-0.275572653011
-0.343720773248
0.348270548143
-0.965938272042
-0.412008962415
0.35462922678
-0.779309789575
-0.590835862146
0.521261961637
-0.281459001276
-0.437125261005
-0.373393344468
0.32755133631
1.04148913259
0.408604695367
-0.339208341242
-0.707793515736
0.761033940767
-0.499665734487
0.303445520757
-0.21647382833
-0.110984152375
-0.198096283938
-0.378345413576
-0.384060577033
-0.243183596194
0.178986525758
-0.179453951057
-0.268916319195
0.18478534747
0.188485802722
0.178745706433
-0.124230928172
-0.246297355663
0.306950814745
0.15846211013
-0.211804779167
-0.206160828581
0.255836390902
-0.161332195875
-0.253781210172
-0.106931683569
-0.146033819849
0.258115849762
-0.113263442153
-0.185817859593
-0.147756055496
0.254587014086
