-27.6718406639
10.9829263731
15.3887294618
13.2639795379
-19.5582021116
-13.5184715971
5.68631357266
5.42251338038
5.42721370277
-9.57214771282
4.60418228169
2.23390859862
-1.50181209496
-1.657701431
-1.54987395888
2.05520065992
-2.31767094467
-3.20055395189
-2.56047341766
3.44838258285
2.86941805997
-1.87178052978
-2.67405676988
-3.23600645123
4.16783375995
-2.67482094195
2.20585800082
-2.31566301023
-1.54519021387
2.70055566522
-2.6649023176
-2.35529479053
1.763044645
1.68262710349
1.61779490823
-1.29832396185
1.80450920011
-1.81185601694
1.72015460386
1.32999263715
-0.965041922172
-1.70889067697
-1.27021141038
2.01001539548
1.76030382438
-1.06036634942
-1.76244525996
-1.44676525751
1.70807962757
1.50935609391
-0.982263856427
-0.790340795501
0.829521689424
-1.06004305429
0.590401428554
-1.43082890624
1.03337395087
1.59950125989
0.875272995914
-1.2316956307
-0.876253303006
0.892949266558
1.69929290917
1.3456409488
-0.585857806374
11.2187878163
5.03943126797
10.4453605404
-4.73627863396
-2.72199692438
5.73993209378
-3.24270906517
2.07714634574
-2.0212994596
-1.99054137866
2.32696272499
-1.28161279292
1.03715561238
-0.801149133023
0.893764231577
0.818944121157
1.48020029741
-1.05726905925
1.07617488555
0.993727336136
-1.97885799444
1.16726185676
-1.05175172994
1.65353377675
1.10481504971
-1.87359690559
1.17294624103
-2.16784178243
1.53416398855
0.512613258442
-1.69554095621
-1.26515163699
-1.22545104545
-1.23736666283
0.450937394557
0.89634808489
-1.33424004442
-1.14609005396
0.837726431981
-0.653729879493
-0.350254419205
-0.624465943597
0.424207183301
-0.706536093994
0.645665856904
0.461829757648
-0.623180030603
0.743850655043
-0.579597807612
0.560847644305
-0.42996449864
-0.432193801368
0.369825106202
-0.602196903716
0.370881903115
0.829092400761
-0.538972168286
0.540731535148
-0.534781231043
-0.402826569234
-0.664067538248
-0.462737999126
-1.03737162198
0.594435675761
-0.445599161131
-2.99223490183
-1.39910206956
2.92786805277
1.06131186607
0.822932770894
1.73606455501
-0.891313612889
0.702118552921
-0.602593163699
0.472687715117
-0.886480093876
0.227902712116
0.364979584835
0.42372834115
0.303858933415
0.371317715063
0.483804550469
-0.314020408767
-0.270968958373
-0.263024746155
0.535325976235
0.361409203528
-0.332968646588
-0.397836617833
0.24307656518
0.485212148803
-0.252598491452
0.601042755476
-0.396342125625
-0.159499655031
0.594077637909
0.567803111105
-0.575388816969
-0.442370267955
-0.145647948385
0.251666990438
-0.357465732836
0.365061581237
-0.35974352652
0.21786126412
0.115086776852
0.25481335071
0.155519963832
-0.202295412372
-0.25554202227
-0.206415375628
0.283970010603
0.283214046355
0.134617568052
-0.229267264001
-0.187263012557
-0.190231508449
0.125531361923
0.194650675232
-0.105643044167
-0.264959880708
-0.13326906055
-0.236534296656
0.136790060657
-0.125455930783
-0.169116835477
0.216752359441
0.285105674853
-0.168890450991
0.184713436323
