-17.4122312197
6.76224770868
-5.91123423712
10.4391185763
-11.6015089861
-14.6885821135
4.63703355177
3.57477363568
4.66628065887
-7.91961612805
4.12002754494
3.4992098073
-3.09833086248
1.09113273801
-2.40864317837
5.81779579201
-2.69993507712
-4.67023390287
3.04086757626
3.69509624935
7.59849487593
-2.38171358331
-1.63328145623
-3.03874354759
3.8076289591
1.83445689084
2.23945900386
3.06478382821
-3.05784302837
-2.11213709247
-4.84963969809
-2.06921201201
3.93065203051
2.20889745039
2.34107886358
-1.80637470788
-0.522151619771
-1.482976773
-1.43778293869
1.38221583378
3.01779652825
-0.97926958267
-1.61388641433
-2.52898100441
2.17800512509
2.22504988751
-1.63993095863
-1.67897589421
1.90534463407
2.08158089642
0.615619029053
-0.988922982538
-1.14367575296
1.54885814872
0.967781343115
-1.64870651546
0.962344364254
0.932734791836
1.94648320168
-0.89062238883
1.37761642012
-0.629946748666
-1.14542245536
-1.79983743396
1.66891824195
4.7862538924
-2.17521764072
7.0210326064
3.0822622669
-3.01276459525
4.8525979978
-1.00918196703
2.76658627667
-0.806160535361
-2.4914863137
2.00273135579
-1.9201924936
1.88441523124
-0.900596519538
-1.48551307182
-1.86542901643
-0.672010134873
0.956519744165
1.49742787739
0.829873488353
-3.2971767303
1.29428176842
-1.63812965813
-0.672809234255
2.00941529109
-1.67105551267
0.605428810577
-1.09820028815
-1.19761570229
0.937170026379
-1.9444210023
-1.35612784709
-2.80279710761
1.05320219519
-0.956491678188
1.1586665647
-0.422979852758
-0.799460176501
0.696608274197
0.559985852977
-0.984046341044
-0.511634055277
0.709407673268
0.840684978601
0.732871824624
-0.897124762683
-0.344582906851
0.43077240578
0.752539075964
-0.684118791819
-0.390779316159
-0.581787644019
0.484504121204
0.651375671313
0.578689597094
-0.522525583177
0.728986316626
0.717457409852
-0.684772078347
-0.415884122417
0.674616048348
-0.475300939972
-1.16967587391
0.363637170614
0.88588030893
1.70383557017
-0.935650970016
2.11774956093
-1.7928438028
-0.454735575808
2.05428177577
-0.399989881838
0.967494439894
-0.789225281334
-0.580324625275
-0.648591158727
0.590668136529
0.540728180153
-0.696252937695
0.509820999957
-0.594256353922
0.261210623352
0.279482869458
-0.340462826571
-0.286916349214
-0.944453822228
-0.499673110445
-0.561141660091
0.355648882967
-0.435000715947
0.672785766014
-0.361475724687
-0.382658103416
0.396887624724
0.404179009683
0.487805844761
-0.502913502797
-0.805809699419
0.769784504079
-0.503556256754
0.195061701424
-0.144085518748
0.374017112675
0.305578229018
-0.254677761859
-0.387824585966
0.272435055446
-0.304291125617
0.274331302091
-0.178601612764
0.276220796267
0.163127011978
-0.169466599892
-0.184399724747
0.314737723536
0.169435262466
-0.150730485295
0.215849832322
0.229308280648
0.273381289555
-0.298458217978
-0.324310598203
0.204947703074
-0.22768434579
-0.1848726771
-0.254518487107
-0.130226187903
-0.376841536181
0.34587684746
-0.30081212932
