-18.7908322263
-16.2104141623
11.8527899428
14.9546300587
8.05063966177
-16.3813498689
-13.1205675275
6.66383950319
7.69019693667
6.86498017215
-6.652703583
6.44092305066
3.73545298841
1.63847379707
-0.964544922942
3.06914115587
2.92295038811
-2.30951303701
-4.04130363501
-3.50341846751
4.28256763268
3.72234409795
-2.47823876663
-3.2443618636
-1.42893068872
1.12896295808
-4.94352909483
-2.00250272155
3.33756808329
3.51008291686
-1.7344064321
-2.56459025204
3.11225073357
-2.20069008972
2.28061798297
-2.08925328744
-3.09060617077
2.85285454281
-2.37317637619
0.915048010841
1.25624339058
1.28352936538
-1.84282817652
-1.39038708406
1.57902505862
0.870258072785
-1.53582662498
-2.59954922852
2.06471817997
1.5815045596
-0.983612998554
-1.83684500095
-1.0560290421
-1.55637396164
1.94110115586
-1.32218714401
-1.54067404782
1.56867777221
2.54051626176
1.30976830533
1.82262639914
-0.780024331261
-2.0031579764
-1.54791425343
1.76525242334
-4.50811124433
4.28432735827
3.81150141999
6.45776980991
-6.97526420165
-4.44145529995
4.20117568957
-1.42496047433
2.78779176874
-6.92445174637
1.99039566151
2.81396876236
-1.39125411997
-1.07186514441
-2.84407933003
0.661803839028
-0.9868757225
-1.37938477436
-1.25882989091
0.747639578998
2.00692804984
-1.67205148288
0.910029225541
-1.61448025856
1.58297436297
0.678603502103
-2.45073392659
-0.840754106697
1.09461345453
-1.76483096279
-1.4334744308
-0.94616468433
1.78402668088
1.48642067755
-0.957941627311
0.780757756549
-1.12739135457
1.16122051022
1.24108505281
-1.2158418418
-0.492369312471
-0.583052782104
-0.574143316328
-0.548459072663
0.377223803739
-0.45854090405
-0.529131206219
-0.55997094866
0.812448786086
0.492851266735
-1.28886343918
-0.906108522753
0.513607257905
0.585065210951
-1.1645120747
0.628958436746
-0.621598832936
0.575221486644
1.19471699765
-0.991478731042
0.902183203821
-0.418873152737
-0.738310936776
0.718731625774
-1.14194852372
1.73204970364
-1.14691048228
-1.05258889708
2.18362365717
-1.35920797256
1.63353036058
1.26081712104
-0.376312565989
0.966191902171
-1.48274553608
0.789149627817
0.671755935666
0.57937515995
-0.220569356662
-0.588730461972
-0.160618421531
-0.285887844551
0.540502551394
-0.451098979648
-0.222126872981
-0.536453114446
0.509609705296
-0.258507183888
0.505455313594
0.556341862351
-0.51911916905
0.854637940338
-0.391074563784
0.284522990888
0.474670788799
-0.349625719487
-0.406836228688
-0.811046989145
0.607636436477
-0.398062869318
0.406261167762
0.502075417895
-0.424742068164
0.327451511316
-0.322622634451
0.171742019896
0.269517574043
0.280420902315
-0.231115257743
-0.148308016534
-0.152178547995
-0.167766331242
0.193075543858
0.223968215028
0.21190967082
0.406657581461
-0.352153716501
0.169741675253
0.16950870035
-0.284654183452
0.232121172281
0.266783069186
-0.20255541855
-0.448413748446
-0.306957312525
0.375329805359
-0.243682285989
-0.226694236442
0.247905180118
-0.324205132024
