-9.59879322712
-5.38906771068
11.0228509836
10.864043091
-17.2858551984
3.46144340851
4.16819586793
4.02837147698
3.46985157891
-11.4864281678
4.46096291769
3.15087801748
-2.23404540898
-3.52109028156
-1.33457769662
2.51986991199
-2.1236415533
-2.8022712353
-2.78003555618
4.34124129213
-2.08225390313
-3.42663143168
-1.95386735243
-1.61164044686
5.06888214158
-2.8894463899
-1.95081561408
-1.64190039307
3.64148589458
3.30986250852
-2.89663538449
-1.85810256744
-2.24607887346
2.04440928604
1.70783934804
1.17063371235
1.20204479944
-0.971902688318
-2.53438333912
1.38253906063
-2.0110763341
-1.75181436362
-1.10004809416
0.968243820246
2.48631380754
-2.17848316651
-2.04785002885
-1.77281103392
2.68550525968
2.32641052696
1.5431918382
-1.5129434598
-1.37090169272
1.61386034133
2.01783806883
-1.24286009396
-2.06846340417
2.1948074245
1.09081264391
-1.40304517715
-1.36087311185
1.86630525103
1.62036246399
-0.984168031709
-1.08106141678
7.64761994104
-3.44939109894
9.02159817435
-1.69731709639
3.38167078627
6.16059208763
-1.4873636854
2.73562638382
-1.43534003535
3.94801332709
2.48640802329
-1.43167815694
-0.639544078591
-0.960376033772
1.40361152765
-1.13803840065
0.715260089415
-1.28146006664
-2.38822614644
-0.832163997051
-2.76500489671
1.79408916757
-1.41079171313
0.700638470277
1.76477042266
-1.91897911837
-1.00808303216
0.562616552933
1.36617655866
-2.35823458904
-2.08328559245
-1.73281200697
-1.00994407972
0.874045902907
-1.61250967206
0.843057561859
-1.06411176314
0.599665621311
-0.855089545463
0.818886175891
-0.974346408832
0.997503860624
-0.653052812482
-0.721782110213
1.12180528658
-0.660890558998
0.36137943811
-0.653621937846
1.02503714983
-0.646914392932
-1.21497592891
-0.561329007711
-0.57324764331
0.845525820612
-0.743598906159
0.861851563032
-0.987917786468
0.965268986875
-0.764833341617
0.623272437714
-0.469855742258
1.09935459408
-0.533235077193
-0.740386024059
0.71178318306
-1.65499586815
-0.996923460727
2.499057322
-0.323432093095
2.29101225482
-1.49481148758
-0.37792101239
-0.663217317261
-0.584283966575
1.80575120292
-0.785081881344
-0.553569711938
-0.245612320088
-0.463089765661
0.641462168277
0.239649322923
-0.274362877482
0.3398011001
-0.824042870054
-0.426370979823
0.818178845468
0.611873920547
-0.448506527484
0.266032988095
-0.613659436277
0.717734704888
-0.364590471783
-0.146964293189
-0.461396983077
0.595605862544
0.50251406932
-0.321726389317
0.355873269697
-0.275714144952
-0.444061284055
0.280203932197
0.207891812678
0.261370850194
0.318510991591
0.286833914093
0.272758445838
0.335738847433
0.222271718723
-0.181234577148
-0.313956017406
0.18378941676
0.167978782131
0.289696720888
-0.352810695535
-0.206055573906
0.472239448258
0.181353518484
-0.243810886331
-0.216451515859
-0.247440883798
0.253751162972
0.463095523915
-0.286482048114
0.303773089215
-0.161194255735
0.137702774585
-0.413240999265
-0.240668556107
-0.205610930972
-0.282900992133
