-17.9588081924
-17.1448880715
8.71982494527
15.2092384001
9.45398149884
-17.260806577
-14.6271397558
6.99949830426
6.2785688926
4.06847255797
-5.88291505173
7.00319105635
2.98257346344
2.34120507131
-1.80795077035
4.04570592454
4.10828388466
-3.5054891305
-1.77164118953
-2.2921240512
4.58567134394
3.21666509488
-1.84234240983
-3.56861942497
-3.9583647773
2.55606448406
-3.46198449143
-1.6087295487
-3.28765018527
2.78125698808
-1.18994925452
-3.73168680367
2.54253029833
3.18192613152
3.15991215672
-3.37701490931
3.21601634121
1.29279017454
1.60689559285
-0.684980766464
3.13642026433
1.97667698853
-1.59284873205
-1.87554114412
0.949690844074
-1.58690708824
1.21828515521
-2.60496733992
-2.12973016013
2.17693679101
-0.848202288655
-1.26016788963
-1.44023364031
0.971180623127
1.46520894655
-2.32202366274
-1.49133552473
2.04072616869
1.64872724683
-1.14083370341
0.941161131614
-1.44403084297
1.4793679938
-1.64668070008
-0.925021431067
-4.4733983289
6.9701112983
-2.5595564896
5.92721980981
-2.39162986646
-4.83699259098
7.43218946168
-1.59020773888
2.86670291557
-1.39521989971
-1.34018034717
4.23289340388
-2.05286719585
1.48949633201
-0.856796065883
2.32244590457
-2.1211392453
-1.86135967958
0.548519726713
1.13340252867
-1.84335497268
-1.75675685336
1.17281915989
-2.04854566476
1.19062829553
1.22395592181
-1.95005901554
-1.24814764809
1.39024818106
-1.05159946289
-1.34797384705
-1.69266010739
1.64858636867
-1.37850023628
-1.01154506193
-0.822607027721
1.13970130444
-1.31510806794
0.870509644
0.66602682332
1.38069709484
-0.85826225788
0.509657521235
0.846595958741
0.825895355469
-1.24438959435
-0.657840816832
-0.460359063917
1.00426476269
0.499995252274
-0.815211442164
0.874209781557
-0.665450465506
0.779769017682
0.451271405352
1.13473628941
0.759679626427
0.654586866527
0.942199095519
-0.414754512316
-0.573871851001
0.662431572063
0.92307474512
-0.978098630662
-0.807528726523
1.81741695502
1.94048119806
-0.984976960537
1.79139657033
-0.695632478292
1.88995177382
-1.92284878897
-0.436126539645
1.03370241983
-1.12827467874
1.08935731383
-1.19937512756
0.575150142084
-0.546277271432
-0.4935679721
-0.653810150203
0.395477236122
0.690960113059
-0.418723164029
0.476461609063
0.60786477507
-0.730746649151
-0.357293663185
-0.606370659722
0.322121216146
-0.479493451387
0.659889399241
0.432307499457
-0.553140509762
-0.300299547707
0.345759321944
0.484712846685
0.660102758707
0.625328197974
-0.45932940238
0.333206681485
-0.400856943244
0.419201585072
0.350434182254
-0.180887421131
-0.537485579033
0.321818912138
0.115394509806
0.290670350738
-0.28262402028
0.463627476614
-0.306064535988
0.176858518414
-0.342829477623
0.139466649352
0.193924235027
-0.307185202154
0.244129108869
-0.268473357634
-0.151294161946
0.47208781945
0.248951115411
-0.312246446574
-0.307070049076
-0.200133862169
-0.22509166114
0.220697389246
0.355327061599
0.367792866487
-0.324474284121
