-2.89094830209
5.04060209459
-8.10745456145
8.58825812254
-8.48178542536
1.84665821119
2.15192022762
-2.02207023338
2.23892425052
-4.12437183353
4.00252139373
2.82269949966
-3.70196180228
-2.75370758272
-1.35504260406
3.12722080915
1.50169065912
-2.40154950027
-1.5070818092
-1.23387385194
2.23986132101
2.0639228922
2.05209437452
-3.33080782581
1.95575174027
-2.85491343694
0.676212460531
1.67972303673
-2.37151211698
2.33197141932
-4.04034604805
-3.60878847819
2.98617880339
3.21193153234
2.18640910712
-0.864768328046
0.951236231353
-1.88088484665
0.812341469061
-1.35699630621
3.09310434546
0.833057961371
-1.80300679152
-1.93456723189
1.15379836243
1.8634741641
-1.92125611946
-2.55530799349
2.7171133032
2.41521812653
-1.51862633177
-1.98253655034
-0.602240950972
0.888492672928
2.17774408675
-1.84762249724
1.27533759404
1.4588811725
2.36968080145
-1.40327022714
-1.14845501021
-1.29708014871
2.21225614869
-1.36656330261
1.09025719115
5.52899537949
-2.81094995419
6.27155083059
4.32530841286
-2.24005002618
2.61359085007
-0.761960742511
1.98761907268
1.48847187375
-1.05063502616
1.21922517147
-1.56616243904
-1.08149709076
1.24039883008
0.821476312391
1.1169599886
-0.848773765484
-0.661342701938
-0.634843571016
-0.571931395624
-1.00726393804
1.93615554471
-1.73131792689
-1.29586712505
0.86436630656
-2.49134517089
-0.316394052343
-0.952036427929
1.36107549227
-0.859515630091
-2.53144258116
1.71729810162
-1.75179948007
0.914212893897
-0.835834917899
0.695315312976
-0.834437764145
-0.954279425495
1.25671051135
-1.34435903016
0.981601897399
-0.555247622966
-0.68096669999
0.806313601786
-1.02230592954
-0.65828587448
-0.602926748524
0.933657046775
0.900646561557
0.58073320898
-1.29321708026
-0.868033457189
0.525869059056
0.480885518026
-0.502500448855
0.795472421459
-0.608100606401
1.02693824306
-0.589521551432
-0.72127110505
0.573451525622
-0.570431325623
-1.18437666167
-0.767029820302
0.447753766284
-1.52633661929
-1.16708915617
1.56100033497
-1.56802252332
1.57354428823
-0.644772880534
-0.305087640052
0.556033075451
-0.5943696882
0.825519757931
-0.601020776146
0.312468866112
0.380775990933
-0.38232373541
0.493990321018
-0.395621040396
-0.408985598839
0.232915817865
-0.298416087951
0.240371056867
0.575707340961
-0.604395863618
-0.341290156471
0.441537574177
-0.184697578686
0.79416004387
-0.12682831951
-0.257486397905
0.391817326836
-0.624638037201
0.626327910152
-0.693211269871
-0.434301022689
0.635725727103
-0.507501206773
-0.212718738452
0.287474116445
0.552747484212
-0.382674031752
0.409428612433
-0.359772248967
-0.230106424894
-0.300814341261
0.28782826429
0.469665425177
-0.256705919917
-0.295881092238
-0.34082214386
0.238274318154
-0.355039400676
0.303954264164
0.298709892079
0.245251992402
0.13888020296
-0.280043971911
0.161533949455
-0.263873384146
0.374036027968
0.235868535155
0.20450620638
0.240875928643
-0.285970712811
-0.463408021387
0.346584279924
-0.198429820747
