-11.9236076904
7.28989239066
9.58888937716
9.63270138884
-13.9637218071
-7.50539735405
3.02894886036
-4.25666810803
3.6934979992
-9.01565150614
6.00943125002
-2.11545166091
-3.17841274945
-2.06864226072
1.18453884514
6.57183414292
-1.3311226471
-3.45224387614
-3.69190382966
3.72648643018
3.15734497976
-1.29357252264
2.30696938186
-1.68578061763
3.67333892567
-3.8612641208
-1.318413027
-1.25228158958
1.98623746783
1.50691532691
-4.84752501019
0.86657069445
3.11076033141
1.92984368014
1.88500733838
-1.87446619619
1.87596627379
-1.56335036946
-1.4697236346
1.69428001938
-1.32219827633
-1.29536864739
-1.11056699907
1.81505868067
2.58408673012
-1.74623216251
-2.76503598499
-1.44639914733
2.8322490155
2.00625474239
1.81228932626
-1.49759780027
-1.11333678289
0.969181720487
1.4698610033
-1.14683343698
1.76960740922
1.31789111635
1.19891283362
-1.00657423438
-0.844049542038
-0.728966756787
-1.25953442462
0.796870753565
1.2223794858
3.83509276029
-3.18875108864
7.28588581251
-2.12594493233
-2.2256157043
3.06005610435
1.00252108292
3.39544846004
-0.55087139212
-1.68607913247
2.70104659328
-1.22712564206
1.54753531518
1.1638404906
0.838423331468
-1.96507440698
-1.33986545397
-1.14771949466
0.821135827385
1.31161374393
-1.41583019197
-0.905568379093
-1.85997441598
0.651904370057
1.01916700782
-1.92458316152
-0.6559081053
-0.884776022101
0.61070247543
-0.635030846084
-2.59958434576
0.569441171028
-2.45142983172
0.637322477467
0.768824357933
-1.17637171049
-0.941449120306
-0.608050821954
0.621961923398
-0.608001397296
-0.797470607179
-0.647123391714
-0.272982969719
0.956925402249
0.767963045683
-0.98334675021
-0.81953246888
0.759340225735
0.845658417859
-0.586880509455
-1.02838186792
-0.319520065733
0.50656240909
-0.626122232284
0.606178850393
0.79860220525
0.818380335326
0.698431205285
-0.464582822561
-0.423170667147
-0.569828738803
0.568810298203
-1.23300679657
0.750936553174
-0.444916936281
1.32984719103
-1.42317064926
2.17983420668
-0.409445758916
1.26624198601
0.879169353945
-0.310144194527
1.06896380791
-0.128438075216
0.93348195962
-0.812014741964
-0.310190107388
-0.434698856442
0.21940165627
0.611310573383
-0.650782090312
0.264715466614
-0.486863973307
0.253630523772
0.431540567638
0.489740775558
-0.35664316899
0.575611393447
-0.197114403426
-0.359488510813
0.726855197763
0.277777223577
-0.368919663157
-0.209933115164
-0.440051569253
0.960733576721
0.262839122118
-0.960247105398
-0.252309275499
-0.607549529019
0.435100856016
-0.426324328071
-0.131776923646
0.226574287746
-0.400999644312
0.355658392781
0.245623071588
-0.190625716433
0.221164351048
-0.370065305826
0.257542314514
0.260636978469
0.248272428907
-0.265415073397
0.162633688624
0.271252437317
0.0909114856503
0.172295781054
0.251745403083
-0.238248274967
-0.310728287382
-0.366166879299
-0.210181465447
0.10624507606
-0.162935111734
0.184327396406
0.154645700484
0.389914276941
0.139325961723
0.174138499555
