-7.30262169672
-16.8505287874
17.902076887
-13.0124761805
-7.97749135256
-5.60295593938
-6.6718113279
2.49073454384
-4.53554713402
5.23006794107
5.59502601927
-3.70158289812
-4.81146600059
6.84682039818
-2.28328458158
-7.43148170614
3.38598983047
3.55065338923
3.33948155026
0.959386995081
1.60352440614
1.93556518972
-2.38370481215
-1.32334207037
1.96021832817
-3.83531848903
-6.28966454649
3.28083491146
3.2016594733
2.01692534959
4.42583393707
4.31932476698
-1.91094281246
2.85551005792
-4.32779561031
-1.46881130615
-1.45429328628
-1.53354206742
-2.15186240813
3.22491370988
1.07266559636
1.27416783624
-2.09574276526
-2.33335936656
1.52430178384
1.34466918582
2.18729294221
-1.10521050533
-1.42256238836
-1.88454130139
0.811174133855
-2.22322544315
-0.710529199785
1.71480423901
-2.13406298133
-0.636532378876
1.55356453515
1.2436869308
-1.02783247805
-0.804847777304
0.991733720734
1.22120449139
-1.15449011397
0.855001820225
2.06071492335
5.6484635503
9.60246058607
-3.13891740606
4.66755661628
-5.00829581251
3.62898202728
3.67642981387
0.821273988747
2.53149336189
-1.49752001028
2.21279823467
-1.6049092532
1.57036507834
-3.13233296506
-2.69659868384
-2.58708843385
1.06027362367
-1.12063979297
-1.39450848766
-1.13684840578
1.49228582193
1.34803504023
-0.883794537564
0.914670979546
-0.740136641334
-1.66069102547
2.53497908536
-0.817181706364
-1.57436926355
1.1255868062
2.89169485591
-2.79796605203
1.9812830607
1.78604967886
1.29757510376
-0.893383488851
-1.08343962277
-0.472647524539
1.12748201017
1.04339513374
0.762994269652
-0.804440718215
-0.828348195119
1.1775563338
-0.538284197736
1.09637245979
-1.1146861845
-0.791456831744
0.566556774192
1.21999954057
0.694372616882
-1.10551655662
0.651701555168
-1.83629765873
1.00833942338
0.409271081042
0.901414932124
-0.690421113097
-0.712269067393
0.607759081309
-0.834342495986
-0.883921017563
0.398663094491
0.656732489111
0.908125797401
-1.72994274728
2.8262766572
-1.64249634412
1.78887659474
2.26631223529
-1.54891689826
1.24478118707
0.462050806983
0.863739518726
1.22558356437
0.70717451628
0.469761344886
-0.425581454791
-1.08477929379
0.837133402484
1.16833286059
-0.473657500944
0.482294549373
-0.543021842487
0.374360910297
-0.435461065897
-0.660514572158
0.373637868202
-0.35083090167
-0.24338333458
0.736630195853
0.938888426687
0.473237142895
-0.537969621431
0.518705430407
1.08170204074
0.942184443589
-0.469656357319
-0.795571315334
-0.683172102707
0.309060296597
-0.401848499014
-0.206502685743
0.314591980018
-0.404605568737
0.176317861152
-0.302980769006
-0.253129459481
0.487240889212
-0.301484138043
-0.414988796829
-0.362900789882
0.234239621924
0.25916208979
0.451190983633
-0.204560849994
0.372134808652
-0.199523600225
-0.563273477608
0.516630336733
0.237076034193
-0.294850540843
-0.219963481846
-0.280347415577
-0.250207400861
0.246465810773
-0.256738659278
0.160067601052
-0.202311364523
-0.346772505219
