-14.6558479589
-15.6301169187
23.4305033974
-8.60950744095
9.72646002627
6.61582343845
-7.82698566782
2.61490826441
4.54920046019
-4.41728657705
8.79685908307
-2.5260069404
-6.49489060009
6.42060019528
-2.3401446393
-5.75012167671
-6.37683614949
4.71334118726
2.85527965219
2.01686479911
-2.43716863102
3.39895569498
-4.31223281627
-2.86424799567
2.84669985445
-2.34930868386
-3.35960410052
3.85265747107
2.54178538017
1.24852302073
1.02817746371
5.19805544353
-5.94295730081
1.41865015083
-6.11597245709
-2.13312220193
-1.81546978654
1.32435471772
1.48574393527
1.86760571383
-2.37390196841
2.32548109473
2.01385352546
-2.02115665337
2.23073056692
1.15399865607
-1.74135086557
-0.945349838747
0.921513764432
-1.61264866818
-1.3703424745
-1.23654038629
1.23104758327
-1.01133936468
0.94418255331
1.94982903348
-1.59706827509
-1.01395622546
-1.20877180252
-0.761355934752
-0.661634213375
1.34946931087
-1.02569666534
0.567283976551
-1.0816474384
4.66551157291
9.07326810348
13.27502464
3.98391555578
-4.70183536873
2.95019811907
4.84323320369
3.31023118487
2.30343203022
-1.55435903142
3.30733340557
2.04753356041
-1.79193627505
-3.07586838017
-2.11820542719
-1.54408715886
1.50312818871
1.34734295572
1.56324699887
0.866653731003
-2.33121760244
2.59716440931
-2.22042615903
1.50604213965
1.30260602167
-1.32644938449
-1.49186136738
1.69807327332
-1.4075217721
1.00567075205
0.836848175489
-3.33269099994
-3.20694939354
-2.03715877773
-2.24609278487
-0.762436717869
0.664573387448
-0.896579719053
-0.786555431997
-0.966216334658
1.44743422331
1.6444986785
-1.25585643694
0.713472055051
0.85234308402
-0.509697099798
-0.863187388284
0.424599603061
0.550417784282
-1.2015208681
-0.932226704327
0.605785412229
-0.535936616942
-0.446104918719
0.637580386236
-0.623561678656
-0.876325462553
0.813894814832
-0.667635693063
0.597795614436
0.41389251789
-0.780028434127
0.690816176885
0.579154413855
0.529955381306
-2.05123155209
3.5520227943
-3.68055616765
1.28640585045
-1.84864145501
-0.655303286357
1.61801244689
-1.38492808851
0.683373991151
0.813939664582
-1.57566791665
-0.641572385248
0.597027043567
-1.30039005923
0.877206713372
-0.551706082724
0.51477845381
0.692829761416
0.552761583681
0.230531703874
0.685823588489
0.881679206839
-1.02986756831
0.741021156305
-0.710930922519
0.492304882889
0.376872327789
0.310167405106
0.464879314661
-0.491771477971
0.461634592225
-0.885376169173
1.34322092035
-0.608600079567
1.07208785566
-0.329035902896
-0.154027438179
-0.284886732914
-0.355731120793
-0.260473382793
0.550301484303
-0.431588764521
-0.492931537119
0.280112845642
-0.3229270666
-0.22958577771
0.258899928029
0.186918227349
-0.234412180603
-0.437984663095
-0.348504542285
0.176597935389
0.254995625463
0.212989747625
0.2320632844
-0.436459836604
0.373088533047
-0.404136928699
0.227158620006
0.382897682616
0.196888370102
0.238840617381
0.267535598274
-0.241199593658
0.204240011124
