15.7136646224
22.4099683102
16.1492971834
16.6026791574
-12.7952388005
-9.77109897048
7.89987385108
8.53884646625
8.67641628599
-8.70576057843
4.30042198923
-4.53262533368
5.65094465736
2.71829991253
-2.62235101969
-6.7973152672
-4.69618826742
3.1879854706
3.81004088843
2.671592562
2.56956184344
-6.84846189022
2.45337268987
3.18793190271
2.19340054288
-4.04015135239
-4.95128738919
1.59678734504
1.86436953037
1.24815379114
-4.89520270216
-5.78438171929
-4.09141346137
-5.55159430357
3.51766505824
-1.73168428647
-2.14993175309
1.27440380502
1.398341122
1.76190591599
1.93960642952
3.01154178386
-1.75939696698
1.91130379206
-2.60835786185
1.68866625833
1.63723209176
2.39707401813
-1.30761800394
-0.992881556813
1.94592453997
2.48848439199
-2.41849187907
-1.32796005277
-1.24477731991
1.90478120807
2.71431090326
0.762920299016
-1.34926054702
-1.8924015771
-1.6992281502
-1.64428031963
-0.85355134038
-0.926569164982
1.52638704355
6.87963705843
8.13774302851
5.61148939305
-3.42014708527
2.07292709846
5.85389852724
3.39353775195
3.83333176901
-1.59379181211
0.947517400523
3.5450709194
2.40436800398
-2.24462429478
0.904030628939
-1.09422344688
-2.02028319753
1.26697436196
-1.23851939332
1.41017960774
-0.748657885274
-1.75016733791
3.76198364852
-1.83570991189
0.873511065786
-1.04868048105
-1.5542965016
1.77867059261
-0.725595161464
0.479038867893
-1.14682374631
-2.23796725202
-2.60304964643
-1.70343784345
2.18378213603
-0.941035816522
-1.13437036883
0.737827430966
-0.987290201146
0.787449521984
0.782143780857
0.939602714019
1.18128082253
1.33915844645
-1.12280878397
-0.494438106741
1.0019113665
-0.911331919632
-0.841591334639
-1.0107546764
-0.260718284578
1.41855531539
-1.49357368194
-1.12438424568
0.873580412999
-0.575061674386
-0.994311700672
1.07271895395
0.598102361084
-0.794966240683
-0.724982213365
-1.14571178577
-0.641296570816
0.835180287401
-0.514894073049
1.17429430416
-2.08336562729
-2.61374824611
1.66618516565
-1.45615190951
-0.556279502109
1.67436526378
-1.00973396718
1.04257542045
-0.353867275468
0.428316424458
-1.35513934657
0.925710504171
-1.08340598768
0.489612338476
-0.52374693746
-0.710174168219
-0.469395149389
0.445424783678
-0.432187412706
0.342682589073
-0.613788761376
-1.10401380028
-0.763570667902
-0.30024565495
0.29890354623
-0.600324796963
0.493154758467
-0.255331582058
-0.355418684415
0.385805433049
-0.760199439112
1.01466533264
0.3744232503
0.690223854225
0.371169720946
-0.493520524138
-0.208418168114
0.29282132314
-0.249123960414
-0.29566089452
0.292681941199
-0.402514697744
0.473705907364
-0.249826220518
0.252353962685
0.375036976417
-0.291520308976
-0.436717199297
0.36278994645
-0.0956565999915
0.404087727389
0.448282245943
0.499491164669
0.290901534582
-0.226120797077
-0.415430364425
-0.433950586714
-0.166707063437
-0.351929142014
0.308560707675
0.503544879686
0.212156292166
0.194545383095
0.1903628496
0.341993106776
