-19.4423277765
-14.3855435801
17.6239472214
12.6861382762
-16.7248399552
-10.9023612879
-6.59408991292
6.16425411039
5.45654458791
-5.68060721998
3.10450176857
-1.92699949857
-2.94848584266
4.91273880464
1.11236389725
-3.05072012183
-6.75207255593
1.15528082821
3.4489111569
2.42515162537
-2.08321696672
3.63235391309
-2.1959354644
-2.19713548291
1.37805462286
1.47837941465
-2.05761770733
-1.52519099365
-1.6005467479
1.32721408488
-3.50765347282
3.83150705127
-4.67373526366
-2.59019864352
2.10277702203
0.740507749354
-1.92268674643
-1.15230874468
1.50804788275
1.54971925604
-1.46396207797
-1.20621523697
1.65734348031
-1.528718203
1.00518331703
1.87893149432
-1.42045393405
0.766312955857
-0.92762377339
0.837995840397
0.728582554375
1.60818113866
-1.21080654087
-1.19569301515
-1.23679170128
-0.881334425153
-1.53738620714
1.73651124608
1.03495933913
0.679075142462
0.80276518216
-1.4717510707
0.86948557296
1.81815685802
1.1774270509
5.46018786518
11.5602297542
3.76345146889
4.84997316781
-3.84008043448
4.81458571262
4.5070650662
2.38675186793
2.06043096326
-3.11293821354
2.44795793792
-1.13131264978
-1.62511857862
-1.78277360601
-1.58890838744
-1.51318462894
-2.31591944227
-0.586739256929
-1.00433322241
-1.28658118473
-1.07653452964
1.82230133734
-0.950550599153
1.56362476311
-0.937306165807
-0.898231480617
1.17081515258
-1.03890916256
1.12913014603
-0.625179422583
-1.81985964726
-2.34985493444
1.69303497241
1.60937897781
1.13430143038
-0.561745525486
-0.671711578894
0.63200970969
0.648831262413
-0.689682542039
0.836682653679
1.0836012751
0.81301074924
-0.90839534385
-0.744385603902
1.15559226032
0.945869022122
-0.585264314817
0.863881188362
-0.600837878241
-0.66232024816
0.869256204911
0.673827815972
-0.880250942497
0.590736688004
-0.375595862661
0.625034873213
-0.836579537591
-0.699221685764
-0.583268504722
0.460569809741
0.679366539313
-0.62624923923
0.523210873345
0.492171712539
-1.76826999014
3.48865188911
-3.03313511949
-1.64994005367
1.98220815303
-1.4152644759
1.2745181425
-1.07043374235
-0.809913348405
-0.728627496
-0.812162880235
-0.476700468389
0.555362757122
-0.83222513932
0.317192651508
-0.559291138148
0.729565051176
-0.366418597591
-0.476140973463
-0.275424490709
0.51856081581
-0.618949522072
-0.411714132208
-0.622143445833
0.259879556402
-0.268863125507
-0.438864963048
-0.50407554013
0.340030987082
-0.438577392153
0.706546931258
-0.492876361589
0.913106214608
-0.505876233539
-0.318786730313
0.218400866148
0.232902144791
0.133287950302
-0.148493745133
0.279555301049
-0.3754205217
0.349906212053
-0.368273471257
-0.329741323325
0.254216544174
-0.423364862292
-0.440226166254
-0.206326911242
-0.339768227102
-0.205353503562
-0.191443243435
-0.399985227733
0.139215204521
-0.293320172901
0.165775151429
-0.151999219302
0.251974626466
-0.313952554777
-0.267363732807
0.232778734084
-0.243200431602
-0.322529923764
-0.237983629763
-0.221592721449
0.15850541701
