-10.8940591528
21.4846320417
24.8655643002
-11.0603753098
-15.4992694779
6.58626946175
-5.72888681439
1.4813442396
5.21744061466
-7.35254106132
7.18573334997
-4.28656777693
-5.33538927829
6.77342826455
2.71549718587
-5.45390842976
4.87981415598
4.71403962612
2.0209730034
2.38138490889
2.17897646754
-4.42183688337
-3.32644794187
-2.48143687072
2.54622282393
-4.25700312415
-2.52746490511
2.91441848925
1.74270078524
2.56965088149
4.03833692633
3.94345570256
-2.41603833318
-4.88326289757
-4.26032299201
-1.70636653364
-1.76769800903
-1.25128364466
1.96249874191
2.51341717829
2.99435686436
2.35201451994
-1.95610741346
-1.24330203402
-1.5092416556
2.37407537151
1.98879498868
-1.29466004423
-1.39949037985
-1.3294963037
1.33457136548
-1.65910197561
-0.726726834558
1.51357419233
0.510627127509
-1.09047632136
-1.68157627655
1.59883582448
0.844539217667
-0.727872913684
1.37888035755
-1.81640478535
-1.37430540555
-0.809932645874
2.2016886549
6.79370389337
11.8563133335
-4.51906850003
5.51683312531
-3.49295150347
5.60422687741
4.08197190945
0.924123702539
3.35897537861
-2.33546965105
-3.2545903265
-3.17682279498
1.43265317988
2.83739288416
0.672998240103
-2.0271662188
1.55346257064
-1.12906692932
1.03744898825
0.752167380125
-1.43144024777
2.8003360933
1.3936265445
1.18008553281
1.24908991473
-1.58592154127
1.41244463542
1.73537674718
-0.628165534908
0.951326236111
1.90034776474
-1.73998445977
1.21598611312
-2.05673410155
1.60962833681
-0.817731810572
-0.917718317469
-0.768435990023
1.07096233293
-0.512045680864
0.949979838865
-0.946627180789
0.799223504051
0.815519323682
-0.782128513201
1.39430956147
-1.04587712553
0.787507554191
-0.942179657131
0.805253723563
0.897482263892
-1.00374719898
0.550106833114
-0.676217860545
0.369866256841
-0.890595282584
1.25443957422
-0.763742485702
0.403837306012
0.356650107655
0.77604232805
-0.733948106359
0.614069325151
-0.629754158036
1.07866481967
-2.33101469292
3.29279467378
-3.05863249502
1.86527454802
2.00416404652
-1.36497279386
-1.23670620009
0.67074799052
-0.947739580711
1.83458803909
-1.2043800721
-0.903088819561
0.593274780868
-0.991390833437
0.422442444893
-0.557517635923
-0.43692192102
0.493781908086
0.335538812726
-0.231810458429
0.336322022085
1.12500524728
0.648236042917
0.449348452998
0.365906207025
0.578124471404
0.440265018113
-0.491254182129
0.365448328575
-0.341261838866
-0.548931030953
0.664989048904
0.492357792823
0.710166171501
-0.434640037587
0.343099035283
0.427134963745
-0.408115649477
0.402388862106
-0.315364766138
-0.383457104717
-0.258469700893
0.269523728949
0.36331058794
-0.198311476877
-0.531347363732
0.444781605648
-0.287730417984
-0.28611954343
0.241843473103
-0.475307365719
0.252215228204
0.166982984634
-0.210895412644
-0.140235075752
0.343855158252
0.557305286917
-0.475870888431
0.169548594591
0.134447966358
-0.29768521069
0.256511388762
0.223575894784
-0.23267240067
-0.313709340215
