-20.0614485182
-14.1855785369
17.78002445
-12.7221674507
11.5890924464
-12.0179259997
-6.92115242014
4.33001014541
5.37353461974
5.71340205204
7.14063940126
2.39863803521
-5.10666020386
7.48820871283
-1.87131174342
-7.98035019192
-9.44411545997
2.37244091522
3.98254807708
3.60749440392
-2.47124300594
1.73923858601
-2.95316706768
-1.53095307098
2.32764375937
-2.38041275114
-2.96274980422
1.71058389739
1.4289917979
1.36218511946
4.23125140835
4.7789729262
-3.3176671673
-4.03847563923
-4.88252893086
-2.17660145472
-2.11565910809
-1.97165047251
-1.93018816548
3.14914036466
-2.41983929188
1.55601814244
1.87817770326
-2.67038213183
2.32012058713
1.64497029725
1.46199900836
1.34314891033
1.46186341674
-2.18365675564
1.01252300615
-1.23800485394
-2.7443943751
1.07198966874
1.20665767797
-1.27205389817
-0.836935672221
2.24706035122
1.01531192602
0.719013117975
1.18867971463
1.28846962721
-1.12620103428
0.768915785036
-1.02098134419
6.18746187985
12.8788363928
11.9970509396
4.31142806939
-3.99509727569
6.09080854436
5.219253947
2.72774971226
3.24769961084
-2.24883742288
3.80810724609
-1.98822077919
-2.42666163089
-2.92305219051
-1.55961598898
-3.4026489438
1.9759380833
-1.09616953023
-1.12588970413
0.67343749098
-2.00458015475
-1.17147894871
1.07041909866
-1.39885511207
-1.31835629749
-1.28874129726
-0.801491569274
1.58378762674
-0.613891866529
1.01909457496
1.94841279476
-3.10466564955
-1.76895980542
-2.09628828119
1.08701322607
-1.08391086342
-0.873660019627
0.734830720238
0.909393985516
0.768072307925
-0.970508734854
0.675271185235
-1.24359311839
1.5297971245
-1.04761148995
-0.904137867008
0.863505859808
-0.505965953
1.0448021879
-0.895926328369
-0.812616180848
-1.11069236471
1.10538176625
-0.987682966423
0.785978760178
-0.451144771084
1.17064596909
1.17604829219
-0.661448652942
0.514712111837
0.899821231768
-0.52112760439
0.646950444892
0.461801112515
0.60371543524
2.93846021
3.70026088599
-3.6450648107
1.38502586713
-1.4826480276
1.52765215562
1.6226432312
-1.38833600014
0.954264175927
-0.709730352234
-1.73886051641
-0.514902256352
0.899294690048
-1.29523238074
0.596726892013
0.749404379586
0.964584906073
0.413918326013
-0.442894914353
0.386237278324
0.484558406996
-0.452196638511
-0.449733161124
0.345143594308
-0.50053293113
-0.483338008836
0.463393727233
-0.413647677339
-0.374365153071
-0.447518655399
-0.798183569357
-0.922411682098
1.15647400455
-0.680183908117
0.469469004905
0.255042995538
0.336638566011
0.380292481538
-0.245356672181
-0.345722489034
0.372063357714
0.304151318367
-0.459967091136
0.507533120616
-0.447041113258
-0.327554979971
0.261110015956
0.222537675551
-0.472319061082
0.302475094323
0.272242434209
-0.174419131064
0.55401853274
-0.347216657372
0.424939847103
-0.160270013932
0.305862570583
-0.584943459801
0.257694547939
-0.194001453399
0.291211202074
-0.181602369602
0.218496929412
0.254295544194
-0.357854256584
