9.44827708747
22.2624687269
18.351895362
11.1401277408
-16.0444021629
6.53903221193
-9.52416223976
3.39244477525
7.57649266096
-4.85720396014
5.70799821597
-6.02958425638
-3.6899640036
3.41140409828
-1.82805423152
-6.2762041824
-3.60261178199
2.53821458592
2.08141982093
2.2749291277
2.67659606587
3.86294693562
-2.17243422034
-1.95589265284
1.73716927195
-4.52240880824
-2.55337994807
2.59345741388
-2.33845602545
2.57212632029
3.49713112569
-5.3675271025
1.80245974872
-2.8642993911
2.12958348057
-1.7031962127
-2.20725908044
-1.27116041932
1.85373267418
1.61331733836
1.74041869046
3.43904659148
1.52713345902
-1.63949087136
-1.98744883904
-1.41105204929
-2.34035226686
0.620851873634
1.72013612671
1.02217604061
1.41765730431
-1.6041984569
-0.80969082092
-0.951315218796
-0.72711510249
1.04335185951
1.33233371809
-0.876010347484
1.54901238279
-0.676455715173
1.63037044553
-1.21784476994
-0.90954118793
-1.10338060981
-0.675123114976
8.90396614008
12.4217942134
-4.87895030242
6.44989660984
-2.08661525395
4.00856684505
6.12535738851
1.52578425865
2.72546998566
-1.284388674
-2.33722548623
-2.69108005708
1.89592964141
1.99309349806
-0.999533604073
-2.26640954402
1.85381928515
-0.869118927696
-1.08429349609
-0.760462518606
1.58105225099
-1.73122685279
1.22529756721
0.960077438108
0.837281778065
-1.38999922819
1.04863251646
0.775189091291
0.945552232007
0.914860201799
1.70780130418
-3.00431030867
1.48504646734
-1.07903973174
1.08436723139
-0.967033737563
0.907664370191
0.509257949286
0.817625993147
0.463719256481
0.788875241115
1.18735101328
-0.85474706716
0.89214830034
-0.628121939147
-1.32702299567
1.13712425697
0.284235407964
0.738164354012
0.517942000201
-0.914684792147
-1.17905752807
-0.521507337489
-0.615893565287
0.472169672347
-0.772661419027
0.923619095208
-0.655181210809
0.698818186659
-0.380292088188
-0.532171572661
-0.947342831389
0.482659854836
-0.61870586824
-0.378803346121
-1.70336729881
3.60453769751
2.16237474244
-1.48517279293
1.47012335662
-1.13054131298
1.67462314473
-0.397622010454
-0.917804462545
0.879385317715
1.09724501178
0.937958202291
-0.449251027437
-0.882672451449
0.329905172638
0.697688577823
0.581785884874
-0.4465359054
0.338418085902
0.182647265544
0.482893402993
0.502680324128
-0.389674122689
0.248022883467
-0.31479954907
0.538725169788
0.385727695342
-0.395669325184
0.376654142329
-0.193707830275
0.534552389178
1.36239699356
-0.460731610594
-0.614321384351
-0.261913813409
0.285523946197
0.34332570556
0.308683053978
0.288602508908
-0.265332018893
-0.305704576473
-0.535826894877
-0.382074305108
0.310964602543
0.148472736934
-0.308310447616
0.376148622566
0.0942334895914
-0.344235301726
0.158621145985
-0.37625327913
0.317258133384
0.197482307495
0.294797937067
-0.120352730095
-0.277306664505
-0.257763218964
0.144273028884
0.302824946883
0.124235895439
-0.204823001077
-0.271814068757
0.216270414081
0.285260799663
0.124519682555
