-17.4591738316
-14.4602937283
21.4448454645
-10.0582127026
-11.2092445919
5.72291358132
-6.44081355203
-1.90191975987
5.62735324243
6.44199496272
8.93051890508
2.3322108811
-4.93050398594
2.21675353503
2.41166931997
-5.21893019069
-5.33778568467
6.30051708717
1.87404428878
-2.09778991274
1.63015349992
-2.73456471735
-3.74768953964
-2.72552004211
3.17216091731
-1.7834571236
-4.90193659006
1.52270573997
3.31817671684
1.26094344873
-2.27353112693
3.75984324654
-3.08528033896
-3.23819713001
-3.79193110592
0.981596880921
-2.06892619058
-1.45883372172
-0.926482854476
2.19171727519
-2.56797351854
-1.56630462658
-1.51860852649
2.07963217771
1.13990928689
1.21040354369
-2.09199250917
1.03176438486
2.25147571509
1.30319713374
-2.74469783344
-1.83659327021
1.36840112102
2.24913688257
-1.36148215784
2.21355867177
2.3641991749
-1.43115754747
-1.38499938691
-0.480804697082
-0.981491546573
0.599038771821
-0.514116706073
1.05013683534
0.970709509982
7.8990974683
13.5527617645
10.0453253826
4.9673143973
-3.17726814715
3.4592737362
-3.01136408129
0.838701775437
4.40081465061
-1.59534730408
-4.5323925096
-2.42887391998
-1.70908184697
1.11754594167
1.44643361057
-2.43936366178
3.67863160938
-1.53836864602
-1.10223201007
-0.714700433116
-1.25991597556
-1.42879695559
-1.32290812768
1.75234704984
-0.598380286586
-1.19593237947
2.0545490381
0.591043953502
-1.57624272982
0.650176202954
-1.8483836625
-2.560170542
-1.75260203948
-1.83512090301
1.57834214161
0.945975681726
-1.1683268116
0.623984880955
0.650371825718
1.10392179274
1.28720488118
0.950570380817
-0.532826248656
0.904421204078
-0.761930445769
-0.585311682362
0.94818996863
-0.583251644284
0.635266028483
-0.609367693945
-0.77660101621
1.22878505424
-1.12003869543
-1.37541874731
0.555650935829
0.938437617107
-0.995548677371
0.8026884675
-1.00649412117
0.306872950994
-0.498453183093
0.403463210937
0.440245115435
-0.740156015838
0.43771506117
2.38622493261
4.13566946333
-3.8113598873
2.11379407682
-1.22391178129
-1.37488065556
0.829521721837
-0.391773233305
1.11536498208
-1.20518517502
-1.40170657874
-0.550409505596
0.648971863235
-0.299453045439
0.418162299332
0.61953841798
0.989860676169
-1.05634630513
-0.238592079835
0.345976748277
0.362921849026
0.60706599472
0.513607551213
0.373700146956
-0.310085660805
0.414655936695
0.658397403069
-0.471159542331
-0.499085821374
0.228959474418
0.594338031549
-0.708977169249
0.95486052149
-0.628262262321
0.458072423158
0.274690542897
0.393317475102
-0.249099004787
0.38982785992
-0.214737091724
0.362584302586
0.346621608722
-0.337097280732
-0.332353207049
0.259726684614
-0.247752815106
0.270293076505
-0.347355273748
-0.291521035436
0.231318697279
-0.295464100588
-0.500447416313
0.332148019792
0.297695699328
0.482767420786
-0.48349657362
0.337202067972
0.220244580702
0.281555538703
-0.123145288792
-0.164601308723
0.169942401006
0.185335312562
0.27069296325
0.124915658284
