-16.692709552
16.9778171821
24.2077809112
9.52439475406
-13.4262196442
-11.3214377701
-5.93257367374
5.17046124467
5.14492547285
-6.97013170412
6.8214660776
5.39414057352
-6.92860024696
5.57678111862
-4.38955881262
-3.93000237375
-5.47407281606
-3.83473077701
2.53503486221
1.87591864811
-4.46270048965
-3.07305498695
-3.99227819697
-2.06801043503
4.84452411851
1.71566481434
-3.46528802713
2.62248449817
-2.98292995632
2.06033078592
2.52175871375
5.98512772125
-3.77554428991
-4.12126465112
-3.00395218856
-1.33080320382
-2.60722879131
-1.77624347746
-3.63541134901
2.64418619677
-2.23865682307
1.96562516905
1.75292498133
1.84789729709
1.5242704895
1.47659831173
-2.06029911333
-2.20995802199
2.90424154075
-0.849497321899
1.31519758931
-1.84780917211
-2.33309137356
-1.84126113078
-1.22425434131
-0.822515834476
-1.62213745783
2.1175455904
1.96015694114
0.874704517846
1.685846838
1.64307445415
-1.16753879944
1.23011914896
-1.68992744322
5.40440356561
13.0046104591
-4.35764374542
3.26367107641
-2.44279980222
5.55434322692
5.1895700536
-1.96772191343
2.67338742192
-1.41036008637
3.70721537533
1.89940500345
2.10666676172
-2.0199436331
-0.955444789968
-1.35313314861
1.82890094153
2.57937319408
-1.3989774491
-0.970649838507
-1.07014156096
2.52928057937
-1.75412009732
1.16352900026
1.5938278113
-1.01451354288
-1.27958468948
1.96504967647
-2.11499129292
-0.939555375385
-1.89355744363
-3.34181755912
1.60908873661
-1.62911428459
1.04442267478
-0.854678219097
-0.987592469509
0.878905266604
1.91721107523
0.652552504302
-0.925595780047
0.987868808706
1.27544923955
-1.15088580454
-0.746689023981
0.867309077497
-1.09576629731
-1.38616997596
-1.34019033225
0.376907861652
0.56980204047
-0.945054197092
1.15012246139
0.948136169265
-0.372829467251
0.669555982691
1.19011236196
-0.643422617823
1.05872455754
-0.735521155002
-0.777701147904
-0.813417827192
-0.548701274188
-0.834033811295
-1.13051879747
1.36308348386
2.97599338436
-3.16488254699
1.18207785823
0.479554881564
1.51770750207
-1.49801888998
-1.47358697149
-0.629449739069
0.422566823268
-1.04432265169
-0.594604677385
0.792425207561
-0.829445240429
0.27269315457
-0.392360457413
0.769375874314
1.11714694588
-0.544479243725
-0.268642311608
0.532860476325
-1.07085016917
0.487571625894
0.514706960474
-0.529860401341
-0.384626324061
-0.449598958671
-0.536173144059
0.730060297683
0.413853121403
0.698033566547
-0.675118173472
1.04549135762
0.486256348199
0.274647295826
-0.281717758686
0.450854477591
0.251557885757
0.867237854262
-0.242665774399
0.419040789595
-0.39764000347
-0.378765525862
0.507869246673
-0.376297776911
0.354130965418
0.440363358178
-0.393583432652
-0.592904452473
0.19263074196
0.329524153642
0.405015500632
0.328930337107
0.337213330313
-0.210258355141
-0.210463403143
0.313042034931
-0.431927928529
0.233690886214
-0.262952752831
0.316444751786
-0.273224281433
0.266614061854
-0.363807884518
0.340615447241
