-20.1686620946
-14.9275215634
18.2360470287
-8.9334742378
-10.3418004739
-10.0741665173
-7.68241587305
4.38934855421
-3.60095986937
5.07274411309
8.17952728759
2.03821538989
-5.47517932707
3.49673541184
-3.65624998268
-6.200307261
-6.55867074742
4.07692851792
3.82328203633
1.71145089762
-4.31380919223
4.08425706368
-3.41030509694
1.32029251685
1.51683450671
-2.81683089821
-3.04562036488
3.16559654046
2.77607043291
2.46427129009
3.9513609198
4.05223005221
-4.79345677095
2.32434574546
-5.29841421676
-2.39959736058
-2.12665807378
-1.37590599087
1.50902343011
2.62385571042
-2.18942808674
2.07134652131
2.28634461561
-1.64705279685
1.43919105434
1.39162317519
-1.45898820719
0.846255621228
-1.52390057252
-1.9279194077
-1.47600249264
-0.726997454154
-2.18411424448
2.26733505239
-2.484826706
0.769354173158
-1.39940296624
2.22508905178
1.45809094686
1.15390050042
-1.24755323459
-0.505103235206
-1.56051904234
1.62876826159
1.14326074487
5.60375011237
11.9054090026
7.03814991977
6.13764533635
-3.89764854012
5.71264208171
4.99367461306
-1.2038408045
1.53976960251
1.23211156424
-3.9534216721
-1.68923922558
-1.39397935654
-1.94964569525
-1.54040638546
-1.62722178344
1.29334476697
1.03472625514
1.56215414605
1.24037974541
2.20957583072
-1.01676012312
-1.51841445902
1.07905011642
1.01048596357
-1.10010772224
0.664951020001
1.49144904437
1.24538214938
1.26468828259
1.86575580212
-3.2401537014
2.02099854539
-1.22385966348
1.34028482186
-1.5557857875
-1.12299161759
0.93003161175
0.881542889544
1.0212647897
1.03352463613
1.60838924767
-1.47464990519
1.0032465225
-0.646002307737
0.69570033511
-1.11817218724
-0.78220019148
-1.00023761569
-0.675980986235
-0.797400554982
-1.45141888153
0.714016156009
-0.806950677814
0.834438782847
-0.48358502125
1.04335198972
-0.680447367909
0.528697474873
-0.481853862762
0.954704119885
-0.598164961536
-0.646693172881
0.842315903944
0.465595302753
2.26586033995
3.56588451345
-2.99518346679
1.60293801261
-1.52108378099
1.45346058942
1.59281620613
-1.44254524071
0.443039313087
-0.66270529249
-1.69019967846
-0.799846862701
0.544870466728
-0.654139783199
0.67942817663
-0.506835455013
0.407486624812
-0.264855978192
-0.520031551642
0.524217207354
1.06874397342
-0.748848457697
-0.512740454261
0.432830155534
0.457363066045
-0.445913048981
0.396125284961
-0.485698140062
-0.561447699171
0.499140372753
0.610600520946
-0.62112145675
1.30202475171
0.481542141007
0.553432604481
-0.321760748252
0.622113318176
-0.353737071323
0.36865948922
-0.279601534238
0.294437733415
0.697516195908
-0.770759788214
-0.330656104685
-0.178764732321
0.321273727375
0.504407180495
-0.336936173061
0.331498694526
-0.362486091166
-0.192763311271
-0.323586536851
0.537711059272
0.293431756104
0.410347365165
0.166006953238
0.204699300839
-0.41539547584
-0.194032691973
0.224710880447
0.240955926257
-0.290626722693
0.302026828258
-0.315536398204
0.230600705932
