11.3077166156
18.1884220517
15.6500588587
-10.3400706259
-17.369317989
7.09850116536
4.98127693206
-4.79949876467
5.82344721691
-5.28075253868
3.64767420432
-4.92456725913
-3.63501784945
4.62900758924
2.63665595034
-7.78546430684
-4.85869953921
2.98557721839
2.37132367384
2.31135080316
3.906578831
3.43106572782
-2.60767038327
-2.31476390801
2.29390877133
-2.53824928933
-2.29721362487
2.65916401017
2.56247250961
2.3282046876
3.87545488482
-5.24181857824
-2.29900172452
-3.13951791863
1.9514377858
-1.82201815041
-1.11846535662
-1.03176572931
-0.76290068067
1.97960758752
0.867518215577
2.9995406043
-1.81175166857
2.28414121694
-1.53880225017
1.75874375617
-0.77193351391
-1.45108118404
1.34659491004
-0.910546899185
2.64913855238
-1.88992227969
1.60266750687
-2.66032880588
-1.43459790584
-1.27866684173
-2.0726688693
-1.24408775009
0.471340660548
0.64828576591
1.7414236572
-0.66495388032
-1.10024217186
-1.11984618967
-0.823181143416
10.9449348682
9.75702505347
-4.04395706706
4.85927126394
-4.9722997519
4.08839055238
4.75186232973
-2.17478736009
3.07743009304
-1.9087568117
1.33250514568
-1.47492451519
2.01789035279
2.40206295929
1.69148663831
-1.75915089807
1.33482982395
0.68724880371
-0.720898617903
0.685236935624
2.04429339343
-1.41894737424
1.70538321982
1.10589810117
0.460959003144
-1.69368458391
1.12565589195
0.975347012415
-0.885520145254
0.834107346687
2.1316352708
-2.71359057199
1.74783769913
-1.32133315474
1.04491773963
-0.700286996148
-0.881630578681
-0.509747352457
0.499422218628
0.633515639032
0.770192219576
1.72887571802
-1.10277525569
1.30682478558
-0.854048906585
0.742432781355
-0.521004651893
-0.551158321193
0.469824716382
-0.443884337875
1.72159263746
0.768608046837
-0.985801150721
-0.958314282254
-0.486641795705
-1.26172013285
-1.10232087288
0.825730580408
0.395059424068
-0.464943725719
-0.690610844746
0.52551370474
-0.427859217449
0.735097905218
-0.412311152708
-2.61523535669
-2.73763995176
1.08970020385
1.4077346388
3.97930865503
-0.910525834933
1.29782724999
0.604766004871
0.917638008824
0.96875018649
0.543365482732
0.856178836631
-0.665366694284
-0.952312146267
0.380826765787
0.718589052413
-0.361675217045
-0.460743281876
0.308225677121
-0.339913848789
-0.610623396313
-0.718517935263
-0.489090335329
0.501283433528
-0.516556695863
0.63332834662
0.396547307818
-0.291631178749
-0.453943559815
-0.473493282434
0.70383591944
1.04624974971
-0.380301564642
0.421729945585
-0.334625505404
0.291518708678
0.350206407391
0.207200614018
-0.150798560669
-0.174920648764
0.151436582203
-0.684551103651
0.329727659637
-0.391834583245
0.212302180192
-0.281932340598
-0.171478748294
-0.162011359754
0.227596499383
0.25892883409
-0.584883426287
0.276096091578
-0.359862356502
0.407117719473
0.23805605796
-0.348433834002
0.43427300928
0.315975541207
0.127534222943
-0.188735605657
0.205895421026
-0.183153129976
-0.20144933119
-0.225191141818
0.190633383725
