-17.6174810606
22.6399377502
30.6772565337
23.4937362167
-15.2533314577
-8.27891253398
9.40849388138
3.05056183473
6.45339116078
-5.53680853288
3.52610208414
-5.52074669485
4.5921229605
8.49684896172
2.27011397212
-1.90960974816
-7.79310778468
-8.09280060556
3.99058432714
1.02721508451
3.82259683057
5.15956676068
4.19466824832
-3.85307523238
-4.24677239241
1.67190449093
-3.08511955808
-4.61209010027
5.49622511113
3.57461606123
3.18680904584
-2.60244351683
-5.80671295985
-5.5801479712
-6.46115025589
2.53629587072
-2.70221995882
-2.902543357
-2.83911674774
2.37694006466
-2.0963502099
1.7389131236
2.41933448007
2.29133754875
2.61165356906
-1.943747152
3.60220424382
1.75351340169
-2.81542094419
1.5515600134
-0.918430615324
-2.20306312749
1.56850202229
1.76519122556
1.36757426103
-1.02822502548
-1.32357467224
-1.9003007244
2.44615494871
-1.75131301093
1.07412422847
0.846280621995
-1.13610849507
-1.62714122183
1.18198108176
2.47824365224
6.02451860879
11.3802396657
5.55592075738
-4.6313484281
1.71936855775
3.64175738095
1.51210086656
-2.58112570699
-1.56942222189
-1.98370067957
-3.3456585353
-2.66694805358
-3.37461138083
1.033190925
1.76420082294
-2.19077706342
2.04985401749
1.62907322083
-0.629448810403
1.9850420937
3.034057824
-1.91857869774
-1.69814134605
1.64664278876
1.2160015121
-1.46580033428
1.79685457173
-2.02038756889
1.16392191719
-1.2512180818
-1.0584070127
-2.24439798243
-3.21351087595
1.46702119683
-0.856349204819
-1.26771875124
-1.26601407068
-1.5611292314
0.92731060015
1.4187579176
0.982654965735
-0.915518833235
1.72640160296
-0.737288011761
-0.890108517748
1.65477803053
1.49554469325
1.74356500842
-0.852512577821
-0.676788827145
1.52267817843
-0.838035932284
-1.31763181389
-0.809749969071
0.574565681848
-0.943647441957
0.900682785473
-1.51572381678
0.954187419289
-0.764915008264
0.785619314178
0.625065233823
0.734767345366
-0.429208503726
-0.917326889779
-1.72948866258
3.32561465384
2.14063438536
-2.17589791346
-0.704002860828
1.01264337904
0.98166750292
0.995098070163
-0.394015189573
-0.768282829954
-1.42389881497
-0.732794143055
-1.36363121173
1.10195057646
0.577599285488
-0.800029025189
0.745095098615
0.670286911576
0.2855572397
0.493682941069
0.908324081332
-0.867690895765
0.72020947972
0.689864922547
-0.382684725116
-0.618325287511
0.637427607957
-0.792103211004
-0.484531137189
-0.528985275479
-0.506720993891
0.81477761599
-0.679123355278
1.07905743631
-0.34759927306
0.566655114192
0.601176386633
-0.269190213017
0.366029357671
0.253867312186
-0.483246581646
-0.412815546486
-0.459542806692
-0.522430966776
-0.271518011127
-0.639859123466
-0.54627065129
-0.580171584429
-0.202859383268
-0.245877629571
-0.371320238099
-0.495180306675
0.460963426921
0.258549118122
-0.220617812473
-0.338302825865
0.311298359357
0.356230901411
0.617477809018
-0.329691709595
-0.218548324749
0.211475623729
-0.212262671299
-0.18136815523
