10.168060702
23.8316353091
11.6279861056
-11.5356598209
-16.0972948825
8.86402873447
7.0731604239
7.45797626295
7.37198378372
-10.3320767441
5.43015167034
-7.39984391991
6.43269702748
-2.35054585703
-4.25459387044
-7.01435615791
2.99831778857
3.02163202686
2.36557913468
2.97718878869
-4.77543445017
-2.73473994189
-2.88041222575
-2.46068677101
6.05562478677
-3.82355102212
-3.9374320218
2.64913414116
1.89186282072
2.35363312649
4.67560997545
-5.91876135233
-2.59120870452
-4.28826251384
3.28520348597
-1.62656399172
-2.02502763803
1.36428294333
2.35368928711
1.15048088988
2.3049973109
2.21478739708
-2.28068182244
1.59087293643
2.08993908852
1.10968651999
1.91261690373
0.952604455308
-1.14758769103
-0.989404598219
1.83371695733
2.1063575135
-2.24271659026
-2.12395822255
-2.2574333057
1.29969122176
1.35741938197
-0.882125059931
-0.802669473537
-1.31306852183
0.968283448868
-1.62004775563
-1.45629410017
0.986113774979
2.08532456
-5.1163001971
11.096756879
-3.95557911997
-3.55940163712
2.0414592763
5.43921358763
4.42647231203
3.61276696708
-1.86999021853
2.3529070975
2.96831595339
-2.23368391225
2.02816263388
1.35838896674
-1.55717658239
1.52393906826
-1.32764685033
-1.19420523823
2.20318976351
-0.971096247791
2.16546447594
2.2839831548
-1.63630736753
1.8269257153
2.59514566556
-1.68088220345
1.07370058696
-0.93860944461
1.52341678801
1.01345750997
1.25012111006
-2.86307774426
-1.19501498041
1.48716837806
-1.16674183355
0.732718567365
0.672141500103
0.74654468971
-0.708704474612
0.930511492985
1.37776741073
-1.49451920705
-1.1572897724
-0.692143722287
1.34280257743
0.673538891248
-0.90932204897
0.516479335578
-0.676276302309
0.652339306499
1.08420294012
-1.03378738157
-0.77916203131
1.01976515377
-1.09137636706
1.10846242555
-0.678695952968
0.346821204378
-0.542036121676
-0.697952303209
0.649089160402
-0.623844867578
-0.790267257707
0.466834938331
0.973143298704
-1.22586530735
2.89995079998
1.75310170456
-0.988392535404
1.24518612471
-1.0787761111
-1.34869116026
1.31264850074
-0.420025193531
1.52843085556
-1.01413493564
0.663109994505
-0.875205937488
0.510802202999
0.760814086396
0.55727298161
-0.452129207974
-0.396578589893
-0.588513421508
0.305859722497
-0.785656850523
-0.879806852837
-0.648962752092
0.459737082663
-0.906459922275
0.521364715164
-0.369554614378
0.354047014949
-0.541276239821
-0.542666776244
0.316441056751
0.840720418201
-0.337077994062
0.473413333628
-0.295142118515
0.274824232841
0.313131546234
-0.285376167255
-0.268023543081
-0.329164057405
0.393992014828
0.576177260829
0.414797650068
-0.1615337295
-0.49022543783
-0.290861766247
0.32224702591
0.186774648448
0.188256772913
-0.226878288402
-0.451288758961
0.306899333516
0.444017586105
-0.294011690078
0.372999733065
0.257580842764
0.253644220365
0.157139708973
0.146510336814
0.379411766579
-0.244033728035
-0.20973806024
0.225219484299
-0.206004033687
-0.45467387286
