-14.6696115875
15.4538442197
16.3157286842
7.09995373718
-9.91897451363
-6.19673406197
6.21863986357
4.73634066093
4.92966876694
-3.84620957397
2.59128434397
-3.41520377404
-4.71334557181
1.31000346503
2.3858966667
-2.41973448159
0.300590845458
0.514882386992
-1.06583718828
2.00975950625
0.990656161998
1.30681289936
0.44475926753
-1.12277041229
-1.79066142924
2.01995659256
-3.5713897305
1.5369775728
-1.64900135021
1.55499398808
3.55055793985
-5.0194787037
-2.43653294891
-1.68735748235
1.12386459583
1.64529500082
-1.30035445146
-0.733281455369
-0.757304779976
0.601374197425
-2.15889129706
-1.55276632607
1.18827564566
-1.50301454937
1.80267882236
0.777723165707
0.699550167249
-1.26536872274
-1.20948067685
0.930625519655
-0.371218377301
-1.66240734945
0.875985359685
0.406610557849
0.902580965712
-1.59071254962
1.13034028755
1.10098538442
-0.359285695255
-0.485898003246
1.48717372366
0.930796307184
-1.03192930707
-0.615928338832
-0.518135208504
3.36074372521
9.37366922753
-3.46065529974
-4.13213633385
-1.33354893031
-1.60027231466
4.85229856814
-1.33144164226
-1.96905562325
-1.64789127478
-2.06799637014
-1.87752181113
1.90089631982
0.941212941602
1.05141767018
1.41489792726
0.46192785365
-0.505509690048
-0.499619008954
1.01952300331
0.864573169119
-0.657428703231
-0.481351253173
-0.4826656259
1.1558374752
1.74543945639
1.64629365521
1.83215943356
-1.25220038408
0.808015651617
-1.1065830086
-3.37773310729
1.19278986615
1.1449765796
-0.815864954378
-1.15942684129
0.866257512622
-0.53116368475
0.6793394887
0.323908179523
-1.35513685905
1.4217138753
-0.482366053856
-0.908342118947
0.886121010713
-0.340921350109
-0.564852656326
-0.599086260557
0.874357969597
-0.812489597416
-0.368634144159
-0.652750413575
0.571541533879
-0.588618974187
0.591588509061
0.382103166158
0.394787749186
-0.704072057529
-0.217196150332
0.287252751771
1.28685329245
0.41300604556
-0.445961440803
0.424141650753
-0.261073005347
2.68550298938
-2.38582674414
-1.2227090942
0.722743856479
1.17357316388
1.276249276
-1.31752755056
-0.364625928813
-0.759231383538
0.517084091059
0.702676995566
-0.746520961911
0.652936165393
-0.26799910447
-0.699168112894
0.380052088291
0.13905237151
0.108908309665
0.209829017148
-0.656822434074
-0.219909221756
-0.242525226653
0.229898128949
-0.141836097584
0.340473026148
-0.64542860795
0.777884599386
-0.511995985636
0.456211914946
-0.495461482728
-0.792809394426
0.947334488169
-0.247885601825
-0.401001024667
0.51032476879
-0.39912912147
0.506421088478
-0.196108992645
0.162372435043
0.173976719126
0.40017645194
-0.47601998229
-0.189510521
0.39680417006
-0.56031446744
-0.13361071325
-0.204766742664
0.165087132997
-0.421711891753
0.251502775076
-0.143745108946
0.306072986864
-0.244919990985
0.24018275176
-0.245795066103
0.316161447631
-0.222985808526
-0.161048135133
0.119627291298
-0.277730436338
-0.218461811722
-0.206393443706
0.217525772889
0.181143542175
0.129705857302
