-17.7128275756
14.0309405195
-13.8926936468
-9.58298249019
13.8256501809
-11.1347701125
5.75745828477
-6.69681873368
-5.92384966784
4.21090227245
7.61314991872
-5.08866450809
-4.06695638594
6.84528592182
5.91759549613
2.83793536494
-6.02645263683
1.5278551062
2.96667847631
3.6089681525
-2.65726058846
3.33415043879
2.2861116564
-3.33411944025
-2.42936992559
-2.30094352386
-1.24931822224
-2.66453306972
-2.1591456734
2.77054564755
-1.27605846155
6.218966086
-5.26562358795
1.40723232183
-4.56460497499
-2.55356120295
-2.57334337193
1.86919973427
-1.59253382456
1.54478083935
-2.67662993133
-2.07569695529
1.68719965166
1.07342923721
2.44999148752
1.55225002818
-1.76612005243
-1.40618837229
-1.04698467637
1.33416006435
1.44359912549
2.23178376663
-1.75671835321
2.5343696836
-1.7640912083
1.44544475446
1.42543334301
1.42221210834
1.5045226187
-1.57094560946
0.935799852526
1.83593060735
-1.5229232087
-1.09091839935
-1.08506968908
4.8307941605
-3.53064793233
10.8584664765
-3.39477045541
4.63637578954
4.47885646719
-2.45545121151
5.18660195749
2.95372589244
-1.784801215
-3.33992503357
1.55965279838
-1.91742760907
2.66215511633
-2.89135260015
-1.92588871018
1.85709379443
1.22792438356
0.655723326792
0.984353071626
1.28076061963
1.66394134895
0.983430598777
-1.76748957572
1.46398304343
1.22806013843
1.08934378778
-0.876073641425
1.2573839365
1.02121429122
0.77354350972
1.64925363479
-3.86757171893
1.02161910295
-2.37534113328
-1.24043426138
-0.94478203985
1.03610194051
1.27562807166
0.532817688474
-1.2279713732
1.4751676129
1.01195816029
-0.661688502782
1.71978383452
0.523066324472
-1.30795591607
-0.637610081797
-0.770396434798
-0.686000617167
-0.861650361909
1.13150481581
-0.742511474663
1.23025037687
0.660436259252
-0.942099643409
0.843100432698
0.644319756251
-0.694019130105
1.14304615185
0.831064632579
-0.847420810892
-0.666521141522
-0.613115820771
0.463806974612
2.03597389451
-0.812057618394
-3.20871342785
1.01488598088
-1.69554638555
1.64809768172
0.634409654358
1.57335266118
1.23811646953
-0.808458669326
-1.5940566497
0.736580121501
0.958358508462
-0.905595220727
-0.935215297076
0.859660204946
0.513583927962
-0.421471366827
-0.337709226148
-0.629888005006
0.810284722568
0.374170984217
-0.382560167082
-0.634699452479
-0.704680080196
0.876065449536
-0.424595446691
0.259688027357
-0.369686925507
-0.631034725233
-0.253286158331
-0.595660051383
1.09717775511
0.442600061396
0.793883316504
0.539617822153
0.346868942882
0.325130661381
-0.345816681212
0.252916952649
0.41350402371
0.459284842224
-0.429822635518
-0.288958421764
-0.485566336689
-0.174221495625
0.442130188312
-0.280751932902
0.234804850122
0.247240721537
0.30198797771
0.277181821664
0.236082637929
-0.592532454067
0.2956350097
-0.407365984441
-0.342515692924
-0.233419119538
-0.259589716341
0.365435819398
0.242526308442
-0.276385921031
0.254008737745
-0.196194933596
0.16598881029
