15.9884193571
-15.3215564492
17.7009557219
-11.5457643755
-6.32042263995
-7.88698949402
-10.9989379465
-11.2302902007
-5.59444348839
4.91834632493
7.77367718055
-5.2658668496
-6.21294382369
7.48822858506
7.82158499336
5.04605572287
-7.33087447661
4.64607550432
4.13088382698
4.23819297424
-2.92950212008
2.57081269925
2.64900745708
-3.39564581581
2.82993200398
2.41386332297
-2.32085409174
2.67282090996
-3.50865924545
1.71301061875
3.41676836436
4.46957926509
-4.94480384496
2.49515916778
-4.62388127197
2.23677951016
-2.83600806603
-1.67616611801
1.11250123529
1.79358870125
-2.8468535456
-2.6768722861
2.47744010005
1.88552491561
2.57594106729
-0.942270297487
2.21027716362
-2.49016618556
-2.53783244067
1.49410423334
1.50143851158
2.29576413485
-1.3554491437
-1.18989190081
-1.5071666326
1.37714420309
-2.87297129599
2.0355144713
1.89351227526
0.912672762301
-1.30188777564
-1.16271238687
-1.22713462799
1.55137835028
1.19171025032
4.6540864182
-3.75388269289
10.9411130811
-4.10920839585
3.15725869972
3.80493100735
-2.86312596229
6.94269073107
2.75374199531
-2.00785459483
-3.1670042837
1.61189876365
-2.40798943457
3.36830548591
-2.70183700205
-1.49011844318
-1.71813954255
1.21025830326
2.07775807428
-1.74778318224
1.3196481249
-1.34885383442
-1.91047376494
1.2486790213
1.33889282006
-1.19507305391
0.8230393256
1.82006918445
-1.68567480339
0.985902536867
1.37875657454
-1.20697488226
-2.68115488952
0.57642996684
-1.90925456267
0.602930648802
-1.44627720007
-0.972750133733
0.792749369882
0.573570121042
1.31580402382
1.07795606633
0.899113477089
0.936748182022
1.65059296655
-0.329272295508
0.980717106693
-0.577616132295
0.793082615952
0.455858206574
-1.04195817523
0.56711531597
-0.921063216809
0.704510007187
-0.911614222473
0.671720735537
0.757389350272
-0.905782399967
-0.751168542426
-0.781999126927
-0.946276338185
-0.662552710329
0.417071312399
1.02325615949
0.733491438318
-1.58435915599
0.942995784954
3.26209095629
1.21370264721
-1.25689918296
1.05603430806
-0.589808845156
2.15262634678
0.9744919806
-0.56259533982
0.910472349219
-0.503850433428
-0.861799079018
0.862499156702
-1.08636468585
-0.49154095075
0.52929878186
-0.549076419988
0.594048698436
-0.671026252081
0.605006424901
0.5241425579
-0.655735278598
-0.59184423114
-0.548500639497
0.432281692257
0.263575466977
0.463950328151
0.42595922054
-0.303485002915
-0.645659332385
-0.502242461533
-0.733726199167
-0.270742389298
0.646764602052
-0.36240193924
-0.510664421165
-0.451871030677
-0.307300518836
-0.252994072402
0.486452081586
0.501860138791
-0.367141759602
-0.318543965956
-0.616678458381
0.194937350082
-0.321317427142
0.242923717049
0.282230205018
0.182729836366
0.373454784046
-0.361822246975
0.174237145684
0.270187619557
-0.317918732218
-0.223259062303
0.240037506081
-0.321995916256
0.227768700834
0.185967655978
0.410387143063
-0.198536323378
0.153731220072
0.363216361475
-0.349309662412
