17.6597194996
24.8569038307
10.4258221418
-12.4653364489
-14.3371703833
10.1623420443
8.10294727748
7.92937318996
-7.65205884248
-10.4563799135
6.78210520178
-5.94354370096
5.10243276448
-2.63344620739
-4.43262565912
-9.92103117751
4.40521815664
3.57594868532
2.27734318407
2.01629804797
-4.22276464083
-3.22171083199
-2.04186113585
2.39122607458
2.2086527986
-2.22164471747
-2.91291590333
1.68375380813
3.08329992897
2.85471444343
4.57736200654
-7.36451690314
-5.44955694116
-4.80204924449
2.1837169216
-2.6487303608
-2.03650925293
-1.5091805373
1.70678586983
1.48099019874
2.22763065751
2.56497068165
2.43711042395
3.37897640272
-1.97039246829
-1.47945689037
1.97364087325
1.66837612706
1.34906589006
-1.6377475327
1.98628868041
2.085832696
-2.1641564324
-1.42416791174
-1.24709766795
1.05160172734
1.53094757681
-1.13761669239
-1.1891036433
0.985832941687
1.50303100149
-1.78212231371
1.19202853813
0.864034874121
1.33767248172
4.45950502867
10.7643386706
-4.60485976868
-2.54292411067
1.71276442475
4.5075806171
5.13568171968
2.48726588993
-1.85775310602
2.14135903497
3.21990744141
-1.97550476432
2.40014324278
-1.48937887118
1.84286924545
-2.12110375436
1.87545427181
1.15205617966
-0.819688004771
1.21827172819
1.88327690842
-1.69510839698
1.47972209218
1.37300385197
-0.676589655652
-1.40731888029
1.27279312104
0.740175556477
-1.39586754933
-0.899576215378
2.22438115738
-3.51545006483
-2.56369434333
1.02564125211
-1.19917838553
-1.16859406983
-0.727814664545
0.773777931373
-1.02402902573
1.20214685797
1.38532284334
1.09076224814
1.30583073259
-1.16346260278
-0.578019481579
-0.541880648127
1.30252807952
1.06318486653
0.662573854733
0.465576750284
1.05091522503
-1.16736142334
0.739545139442
0.383458813247
-0.649216945891
-0.601546724479
0.781198421853
-0.542245465281
0.590236785105
-0.70807027281
0.950138383243
-0.887239662784
0.569227274334
-0.625235349247
-0.911223742292
-1.98283673747
2.86770584685
1.55558377865
-0.643106920337
0.832396550322
0.817670381684
-1.75995951508
0.716716977407
0.448265962393
1.09878642259
-0.921467131019
0.514698608752
-0.773556087938
0.729204299238
0.838019458132
0.776469948483
-0.539323337068
-0.429586480276
0.21821699258
0.462717343156
-0.803198004546
-0.614661795267
-0.60840164448
0.417577833561
0.332487839756
-0.518632931662
0.406730629492
0.290646111302
0.479794089515
-0.322766168558
0.639337225359
1.29852566405
0.870175445401
0.418689822459
0.528674192166
-0.334607008501
0.251123383148
0.317054993125
0.36126401746
-0.281264824469
-0.437894967259
-0.307388150361
-0.530147927825
-0.41824265998
0.201664768639
0.150539492068
-0.449201930786
-0.334830551653
-0.309569988825
0.146332340326
-0.368353358046
0.449832756896
-0.207832580642
0.152551874528
-0.173123330003
-0.277425792912
0.31381675524
0.238622627812
0.215500125368
-0.246624966238
-0.398646530919
-0.288775932035
-0.141637056601
0.368625833885
0.281820386164
