-22.5577239008
-12.747539941
19.0794781724
-11.2888296058
-12.5285448255
-12.5641732165
-4.85947943291
3.77288946877
-2.67332692195
-4.02500102889
5.72890877669
3.23991155327
-7.19647814549
-4.22527992357
7.20805099227
-4.33414392733
-8.350935302
5.02709234316
3.55765902494
3.98430278562
-2.5550876616
-3.17839847582
-3.02175656504
2.24793826939
1.9240772397
2.81634352006
-3.44659636541
-4.17725530994
2.30000555572
1.31796649666
3.31295623528
5.2879845849
-3.25127441066
-1.14228990875
-3.61104969433
1.81886281151
-2.0571413417
1.8345803331
-0.830075617275
2.42861623848
-1.92252871075
-0.588823846622
0.973192053847
1.50351849122
1.21202663809
1.05920628974
1.59621495601
-1.63731946674
1.563778078
1.8645786894
-1.83551308553
2.71718498032
-1.35854634222
-1.03967248203
-0.926374091778
1.18442877923
-2.58557360064
2.29850822197
-0.740272344038
-1.0876934396
-1.8254100891
2.0073351999
-0.834870507282
-0.939712174896
-1.22164768907
-8.90341595387
-3.88810664103
10.09972556
-3.38929294249
4.39058503917
8.11879408977
-3.41413791293
2.58877643166
-1.42372447379
3.00612745268
2.91427503511
1.34516452583
-2.50871421028
1.37719780017
2.23435053586
-1.20370842318
-2.00839568733
2.00720029967
-0.836438187187
1.00110686839
-2.20797122557
2.22140026044
2.98140983761
-1.22416363766
-1.45821038153
-1.27477269807
-1.76246921024
1.22611776846
-1.09420410274
0.841840258794
1.69902208401
2.18616385711
-1.48582709447
0.594988897221
-2.03899080517
-1.23818707548
-0.853054785928
0.985876692874
-0.740086691834
1.15372519311
-0.977543053198
0.883219238062
-0.627747101045
0.817408372842
1.09569803041
0.820003141
0.855786787235
-0.769027842537
1.01864535595
-1.32970190203
0.811927801837
1.13339905456
-0.769019290788
0.587423952774
0.7655758272
-0.889382860496
1.04483012953
-1.27518764491
-0.446978920288
0.590208020549
0.92097687528
0.64336553092
0.523564528273
-0.749951200124
0.839032075417
4.70679003093
-0.949088952742
2.53234228986
0.987788443206
-1.82474066592
2.80889487608
0.997151650792
-0.882005176331
0.742578747368
-1.05636628284
-1.16625185324
-0.574260291989
-0.56663670347
0.598337895413
-1.10120097783
-0.492121411127
0.765352190922
0.534335383878
0.358927484823
-0.341095558932
0.694373830032
-0.668576119083
-1.11705585622
-0.405375453721
-0.363425475838
-0.698456806671
0.489435692605
0.452425715505
-0.515179026776
0.368186239388
-0.920284390841
-0.490671680284
0.482757341875
-0.392521491615
0.603902945805
-0.395044559704
0.296582062564
-0.369339082167
0.295780148019
-0.40405110915
0.462498791827
-0.227282267044
-0.207525373074
0.333967297847
0.409366724274
0.216592195073
0.315022608673
0.237653772299
-0.329538713187
-0.444979839893
0.366195429234
-0.35396678575
0.3101694967
0.189372605433
-0.230698621329
-0.263568262143
0.341638357717
-0.288318142477
-0.216170585377
-0.183529205902
0.317108694615
-0.227037439802
-0.136565589861
-0.211894737277
0.251120670169
