-19.8977392525
15.4041433053
21.5287209432
12.7120569741
15.3469395419
-11.3644719574
6.30489590512
-4.36533198904
7.48586014906
5.44218585118
7.85190603966
-3.79536449854
-4.38923969073
6.87601790691
4.50114742679
-3.2096514171
-5.93316475079
5.40616194427
-2.70201100255
1.90836361353
0.954254286885
3.88075579251
-3.71293145865
3.40574661779
-1.0160780356
-1.27268678214
-1.713744841
-2.20344169162
-1.0890764603
1.46459386063
3.66425257513
-2.92240609577
-5.93271668404
-2.58949364265
2.97004202046
1.44006844159
-1.10975938409
-0.947167256552
-1.78320404985
1.12039416727
-2.2663902887
-1.4401145981
1.86472595816
1.81427041404
1.60209509001
-1.18370009769
1.39846341586
-1.60328270467
1.33119911197
1.07427357882
1.48285515897
1.04013163616
1.40684361884
-1.73204683493
-1.82108147666
-1.58779621417
0.803923632724
0.906028844125
-1.10293631496
-1.50470695914
1.65159094045
-0.944016779389
1.10007954485
-0.965077693309
1.84128936197
6.60460705151
-4.21418132859
11.306448446
4.07986338216
-5.09567345063
4.54303863806
-1.65913341704
3.1404554246
3.57326492878
-1.73779083176
-3.72485195559
0.984997725814
-2.10173902581
-3.4522464566
1.71252671271
-1.50922065147
1.73934362867
2.34100702242
-1.82737586781
1.56063989717
-0.609384711865
1.65743271606
-1.60794073687
1.74559978665
-1.25321943269
-0.873260283097
-0.680450304235
1.61502475181
-0.985718952476
0.927945289392
-1.11386569388
1.55714109081
-2.74873182711
-0.92002803454
1.48222853877
-1.05448527406
-1.0714145173
-0.702961636507
1.17373036236
0.582231931187
0.972204435965
0.491147907011
1.32451043739
1.38699413695
0.500210300648
-0.648153538172
-0.929017508358
-0.998819082959
1.1032454111
-0.826743290351
-0.819665557231
-0.692133747062
0.698069475764
-0.85570260327
0.472458029151
0.762052738133
-0.48247284506
0.760468580794
-0.774040649798
-0.70467473249
1.01353339937
-0.404963305958
1.00446804543
0.50319222917
-0.782151302283
-1.90000761396
-2.31803578848
-3.6852416823
1.37685091799
-1.81214232346
1.35373170552
0.993276248918
0.877669862708
1.0117542247
-0.881434682175
-1.61399258758
0.849534001624
-0.720751780383
-1.35588144567
0.817100528768
-0.585191201347
0.747808296701
-0.743955793523
0.740107000935
-0.596676401062
0.157607447245
-0.736921611243
0.633333307397
-0.540623392186
0.384078614135
0.299232883075
0.303321753339
-0.489091504582
-0.328432677575
-0.254050953153
-0.422386040296
-0.393371258513
1.20609509922
-0.39016096805
-0.363646123531
0.474875726811
-0.239826507779
0.144498504565
-0.379743748647
-0.212100089314
-0.291702548923
0.208562164503
0.522694730495
-0.30623257501
-0.178689986763
0.186486707236
-0.305170190787
0.382119964153
0.332158335983
-0.233822831343
-0.243168684852
0.310582805691
-0.27943996848
-0.321978727428
-0.184401132269
0.217429871867
-0.204552821525
0.206288444131
0.302860440876
-0.243351241169
0.305249412188
0.234454595507
-0.20860369611
0.244109341942
-0.260404196027
