15.673892806
17.9508895894
26.2768275873
9.9038227899
-16.8014163016
-9.36612698233
6.67152051556
-4.53029417987
7.65721211488
-9.38668540458
7.79481110824
-4.21600842385
-5.19979927011
7.18612157527
2.15889655423
-4.88679075045
-8.66861117925
5.24576395641
3.56233174266
-3.0513566015
3.49250533811
3.30289411092
-5.23368413054
3.39153737074
4.05152768693
1.73616359897
-4.01752154668
2.96355542121
-2.19651900109
1.76772576028
-5.50992274003
-5.99788467725
-5.48150595248
-5.06737692747
5.17107444582
1.99273862487
-3.62124197858
-1.49200108443
2.48316879347
3.7062861331
-2.25579777737
2.5888493529
-1.56555926915
-2.48724473068
-1.41166375998
1.43540060338
-1.66510285434
-1.26699256142
1.28731430034
1.11394475238
-2.02969358017
-1.6059453266
2.3194470767
-2.04214918967
-1.71981907811
1.72564222462
1.57089936988
-0.857784956108
2.28229814394
-1.42537150487
2.25102338562
-1.4035341324
-1.7444271175
1.16049645515
1.0467587563
5.38136450391
13.7339588411
-4.6227316171
-3.30654768781
8.94283864671
-5.11302514309
2.81992943975
-1.45929963593
3.2756576253
6.85067353113
4.05271296856
-1.9898838698
2.15114904174
-3.28111028121
1.65331134828
-2.09543779459
2.10039916648
-1.28949203218
-2.18157557112
-2.13810597643
-1.98211670776
-2.00521162912
-1.52376870319
1.43365266193
-1.89575155604
-1.12635255084
1.48686192772
1.09601388416
1.21519774395
-0.868675088253
-2.41951248359
-2.87572521496
2.19633599238
-1.6221168251
1.23099481085
-1.6364401021
1.40639571312
-0.73148359232
1.08149514986
1.78054190304
1.43438687376
1.20666304653
1.19022607063
-0.987928968554
-0.617731560252
-0.656324774735
-1.06911024226
-0.934748930621
0.905057546053
0.818888249831
1.36320340876
0.811343823038
0.879625321496
1.12491436456
-0.782303129112
0.546155793581
0.759255276828
-0.641479478737
0.700222708907
-0.798982111622
1.11097403295
1.31194048655
0.937423099232
0.635877384566
-0.715769247994
-2.21643185588
3.3491362028
-3.74762700249
1.09162918605
2.26691563346
1.38981622289
0.743645398184
1.17733307193
0.998782943416
-2.00265971112
-1.95075423753
-0.543952144874
0.762585607115
-1.49239278929
-0.399906988493
-0.775288390929
0.796897972905
-0.512051674169
0.607901430779
0.714622726634
0.711203047774
-0.581866272964
0.688418410996
-0.515777673669
0.786208412513
-0.397873152224
0.561937158759
-0.479749613368
0.437377019213
-0.303959133322
0.98575854992
0.831098382174
1.26801530184
0.65449485157
-0.294217919431
0.529997238789
-0.534469826361
-0.414822497608
-0.318630709322
0.298091630514
0.626401901773
-0.46498918313
-0.533811329988
0.4804709549
0.238344119615
0.212591466603
0.343384831664
0.376236053709
-0.37966255071
-0.322654259748
-0.544591157949
-0.27680021045
-0.217760947182
0.413379193082
0.401075543
-0.181691494337
-0.208840314723
0.196178215449
-0.298117377234
0.303546826535
0.493409022331
-0.405362991164
0.327889143141
-0.314801958555
-0.290239853608
