10.5739356102
16.2388572259
16.8586843836
-11.1725322364
-8.7285947333
6.34326639127
-7.85019796274
4.39837258947
-5.96783897651
5.32068304366
-2.88691033718
-4.14093076625
-3.82208114944
6.38024084495
2.47729508691
-5.09115612176
-3.84515158972
2.10917880007
3.27166541737
3.52741284601
-2.6440590086
2.12570568748
-4.0240921919
-3.52647971591
2.1796659387
-2.79682835956
-1.42134101591
2.62542097408
-2.61784023909
1.94653118299
-2.95639440958
-5.98363807739
-5.29444265173
3.46192120889
-3.78610282545
-2.06662900457
-2.25868027505
-1.66275889155
2.22408667852
2.43643058509
-1.83279253885
1.72079906427
1.77736953174
-1.61834226107
1.22181454437
1.71390732455
1.68079343823
-1.21873267834
-0.937900715733
-1.16052558686
1.15390771741
2.35201124605
0.614507730462
-1.03720051221
-1.53532488409
1.79122566394
1.97617703935
1.36547777039
0.999854962228
1.75323292087
2.18269621506
2.08673047499
-1.58138259287
-1.51484500967
1.25967632403
7.90701905858
12.8668214275
-3.9688935709
4.40580544043
-3.21064920627
5.24541815833
5.74351831474
-1.84786460625
3.94306474081
-2.19505524016
-1.31375113333
-1.70469896872
1.34930389042
2.30772535475
0.90272402394
-1.60126999226
1.88906070013
1.06845692001
-1.19063672804
0.846220845348
-2.3654987162
1.02794779505
-1.67044241625
1.16764879148
0.571275918164
-2.41645710415
1.24718569083
1.43412929131
-1.21388436916
0.75068287267
1.99388278918
-3.03188592963
1.68675364167
-1.91126265932
1.14870976967
-1.17783920462
-0.58871551066
1.308326203
0.830665464021
-0.554348947518
0.767973070687
1.13563193897
1.23235705342
-1.59482919292
-0.397360622674
1.15439670942
0.890000344417
-1.39479720157
-0.690799200104
-0.893136733891
0.870597011284
-1.24726676668
0.698230423285
-0.618691252765
-0.528091871092
-1.30593559997
1.11607663948
-0.584769985774
0.68765104426
-0.568594855356
0.729871298176
-0.81890249409
0.712489724845
-0.766493989405
0.658639210912
-1.98963023949
-3.85794395873
-2.71119693038
1.75135453223
-1.11606571104
-1.30367858553
1.63317164736
-0.578743270907
1.15616835614
-0.388003389857
0.502643116525
0.721717578109
0.758500278421
-1.09098830533
-0.304419070717
-0.536524834158
0.45838843894
-0.40689765039
-0.44432703114
0.308811761759
0.733114086438
-0.506502432531
-0.445243327931
0.636009292508
0.250267128677
-0.631253386974
0.474889086074
-0.442681037163
0.387254036885
0.255490961946
0.59053638652
1.17965989283
0.94864006555
-0.487515342646
0.37283851461
0.409519167195
0.325988103654
-0.52830763934
-0.235225102404
-0.263250805332
-0.240899310098
0.300746939411
0.361342437452
0.560372229792
-0.163598497958
-0.471490383017
0.339490036808
0.305896072827
-0.291426785509
-0.339221261934
-0.327807925968
0.365659783404
-0.164823312615
0.192909034273
0.117327186575
-0.357306393037
-0.4237521923
-0.357636293844
0.209952368507
-0.314061474904
-0.323345724082
-0.283156022152
0.324357019823
-0.33901457863
0.168827379815
