18.5141223002
16.8664145816
-11.0883693668
11.7799829091
-17.4868800424
-4.10855740482
2.48065349552
6.06356244568
6.17429895597
-5.31158172357
-2.65660652217
-3.34751590945
5.15427922529
1.61941656567
-2.09443411371
-5.05818228045
1.7410914343
2.23020869213
-1.93203792978
0.705717002973
-1.76595580996
-2.72531665157
1.39395172758
1.63048023422
1.94232720436
-2.85076795478
1.40922243552
-1.57540528253
-1.87956216533
2.06488733866
-5.75593813788
-3.90402748214
-2.40645408087
-3.23871471442
3.21107071899
-1.30596991614
-0.884317847187
-0.885464164685
1.90319468438
1.37619371768
2.83740753787
-1.46220433797
-1.57951278069
1.58989123565
-1.01176030599
1.72211871425
-0.952236124072
0.963367024663
0.823442082816
0.477587817357
0.647786158799
1.39882398665
-1.75720261394
-1.89969521848
0.316691010131
-0.810636363916
-0.710233374034
0.90456303454
0.729756291792
0.339688448535
-1.48700036826
-1.2447486852
1.01510618097
1.3413983584
0.838139134461
11.9196028309
-3.6707973674
4.91939425421
-4.23224788583
6.1294899551
3.03879132763
-1.382537735
2.75378068169
-1.82464642358
3.48583666636
-1.39816185019
2.12633309049
-2.4497399451
-1.44170143386
-1.77412265961
1.81785912139
-0.751396478746
-1.20030332558
0.951222090939
-2.85928640635
-1.69119735368
1.48792209446
1.02745274397
0.91990448368
-1.31669244011
1.68924112248
0.915875938226
-0.747922524556
1.11278039204
-0.847353797583
-2.17735906779
2.10162213999
-0.939567140608
1.20895324158
-1.17584164893
0.884127308822
-0.6546055206
-0.484836667181
0.907228313135
-1.05785601456
1.17868997222
-1.22847957941
1.09412542796
-0.626034527266
0.394474216789
-0.745439697129
0.462894550993
0.470504655421
0.516684393022
0.922095354908
0.601686119588
0.56923257511
-1.02026822762
0.574988255978
-0.282893043451
0.461259831624
0.60376523244
-0.414029851227
0.337151625758
-0.491610312527
0.578554286007
-0.485042649932
0.794897743842
-0.554696622856
-0.636866831197
3.3788084167
-1.39077335152
1.40934659777
-1.49426704644
2.74601990565
1.48951020617
0.486654219833
-0.813879305239
-0.541453479703
1.08841282258
0.717302634993
-0.696471919552
-1.19481546149
0.702731654922
0.582444225987
0.722053600124
-0.295121414653
-0.531958082186
0.537881354131
-0.571161836452
0.343221217952
0.324541762983
-0.418701002944
0.138508985457
-0.527328034379
0.632652045985
-0.493491118056
-0.197466121035
0.390807889376
-0.436390134804
1.06974530195
-0.467973832893
-0.326634540461
0.409596420994
-0.469486038843
0.215155123985
0.166193136221
0.263813089058
-0.433647747157
-0.185589114471
-0.570086729668
0.17971566486
0.41724006783
-0.313814513327
-0.211695923286
-0.267797325152
0.135538899686
0.153259061412
0.230883198201
0.303499227845
-0.207566240292
0.187232045874
-0.297916088242
0.379304108496
0.0999082655983
0.212359406247
0.159473227432
-0.254448770917
-0.152010714706
-0.159109639907
-0.219107224054
0.214645671164
-0.198059282033
-0.337398591674
0.131716573748
