12.6344990877
30.1081362293
14.9563079958
-14.4846734931
-16.8384427788
8.28002479126
4.85874751459
8.88175865295
-6.33722776306
-9.15390535743
8.01351051062
-6.77814177462
6.66052179295
4.00061985157
2.09280182442
-7.29062040014
6.04116433651
2.06781877054
2.06601865604
1.02288508347
2.22224754783
-3.8221834204
-2.44619121142
2.64487377181
1.5581737412
-1.48961328652
-4.41848732665
-2.17394221548
1.71908759462
1.19296539014
-3.54056049621
-5.65482874227
-3.60396280585
-3.71189327187
3.92107630552
-2.02373424478
-4.23310904582
1.349086067
2.0761679333
1.01129818379
1.50749369197
-1.60155774074
1.30784949602
0.969741947265
-1.93311976213
1.62692858431
-2.38341173268
1.32689501987
1.43649622053
-0.833622995171
1.63459490495
1.66826994908
-1.97262172961
0.883544148623
-1.84381723822
-1.65951365792
-1.66326497064
1.60870286538
1.96352673498
-1.43445207424
1.62149161876
-1.2825547389
-0.843065114975
-0.888580318773
1.39090915502
5.95849608477
12.2886285019
3.640448851
-3.8278853068
-0.848249307323
5.54746877165
2.44617522928
2.25786459357
-1.29961689237
0.848007275359
4.62603485519
-3.64202854646
-2.98628863328
1.77202362765
-1.41779219105
-2.57447634985
2.22504019212
1.57085592099
-0.970616089462
0.665578609972
-1.98400603847
-2.03380517891
1.3562458262
0.855689008752
-0.757005042772
1.39173687666
-2.11145374526
1.22035906754
0.875977823722
-0.617627474731
-1.7498887416
-2.23892160836
-1.60384325895
1.61657469186
-1.60727218086
-0.951692244832
-1.55265421542
-0.954289757709
-0.881839464452
0.544575973487
1.26265296282
1.41801001782
-0.944057571279
-0.648140569424
-0.572458820191
0.837297400885
-1.76876742549
-0.731074667932
0.896438602851
-0.752848093417
1.29675709326
-0.703167850951
0.980821274747
0.912591370185
-0.915312662037
-0.595457263864
0.893285575871
0.977915482882
-0.737888816769
-0.743682416998
1.1014286328
-1.10611348356
0.487749505995
-0.513227740702
0.861604268403
-2.09831734996
3.095215185
-1.05383348637
-1.00662520553
0.355393951194
-1.3486934145
0.743919553576
-0.465945670463
0.263039671856
0.421265335649
-1.75341774836
-1.4687283688
-1.27957635201
0.463110534207
-0.488609919951
-0.788203215304
-0.689357780708
0.648712903807
-0.296142548334
-0.195034447142
0.585328961903
0.591143462624
-0.506039807366
-0.284380501475
0.201610682624
-0.875797655479
0.642100445219
-0.326525526528
-0.325997420453
0.248944982653
0.643850878618
1.06979049148
-0.383986449965
0.514237878591
-0.456659984719
-0.439476016066
0.456742579935
0.258693037875
-0.232811402654
0.178683162779
-0.375062418291
0.522519207767
0.366774742748
-0.209355637986
0.202891381687
-0.380898133707
0.716068592784
0.258187122706
0.275600060074
-0.195066046941
-0.613877722343
0.329869579123
0.33217037323
-0.265497610481
0.383404999241
-0.196987384805
-0.305280388863
0.371555720262
-0.270204912836
0.262711558754
-0.39890323937
0.181558107255
0.152817258086
0.235390579434
0.270255561123
