-24.4591059021
16.8288689854
18.7401748606
15.6735551695
-6.39002063573
-11.2944467107
5.75287053658
6.05286898624
6.95000899796
-5.6195329564
4.14391630866
-2.63264858096
-3.18541165791
3.93921754273
-2.13761361326
-3.99498757766
-4.524156769
3.28538555108
3.50043483604
2.01617256986
-2.80480613894
-2.27074851548
-2.20035653494
1.6881354774
1.86123293248
-2.42276769076
-2.74046571567
4.791765524
4.50189697173
1.50447984847
2.96599519125
-5.24419526443
-3.97601111372
-5.95050041586
2.45208773064
-1.03232768397
-2.125929041
-2.10419367166
2.40092248862
1.83667527405
-1.15780413409
1.67462137037
1.80347844177
2.89109117872
-1.47450563654
1.09630280121
2.30188564093
1.60566639603
-1.52100353516
-0.999020382159
1.31000562882
1.93152543185
1.37893071056
-1.77675781203
-0.796118851451
1.569616573
-1.72185892413
1.1356002644
-0.864025073901
-0.566616250057
-0.725123829977
-1.13651089445
-1.05396538522
1.47405151186
0.840883724383
5.87935908959
14.2440294739
-3.81583817395
8.82222683257
-3.08642829277
4.25350984046
3.06324975082
-2.27124773513
2.90052121662
-2.31456617313
2.06581317913
-1.81704017147
1.57083678072
-2.55857580992
1.06305226601
-1.8369331147
1.38907817073
1.15789420744
-1.6450892176
0.648111987476
1.36421846998
1.61823888371
1.71096168379
1.29552518484
-0.502254576281
-1.27442609561
0.877120542582
1.91628030098
-1.37330290379
0.57324439564
-1.45472669114
-2.62443951846
1.88642022902
-1.8676502119
1.0568734232
0.655304779488
-1.22607997354
0.952328220564
1.09326998194
-0.744484848517
0.464702323059
1.13506812869
-0.781743355162
1.27384436376
-0.545610928734
0.788806298445
-1.25670953045
-0.826826935226
-1.016470236
0.558480817686
0.746852261288
-1.09972612391
0.615085113723
-0.906456752342
0.30510611845
0.774706415292
0.670514127497
-0.578744465847
0.542004403992
-0.410363926352
0.570990071442
-0.600666927066
0.46403566345
0.51869433781
-0.546680325222
3.49278313959
-3.9729839748
-2.29279943528
2.64797464885
-1.49944957059
1.51798482173
0.945090073866
-1.08860786856
-1.08858965437
-0.512621688394
-0.595399507431
0.592924344671
0.74112853396
1.04280852938
-0.465850420735
-0.488842348044
-0.351772545816
-0.406617345738
0.521483885083
-0.309019054874
-0.367462393407
-0.586686845886
-0.687878626416
-0.484948528129
-0.237920781863
0.349932894725
0.354827678667
-0.797487257799
-0.712295215382
-0.120782739503
-0.40866027732
0.955454632729
1.11999163026
0.781165798192
-0.374310238454
-0.341853235926
0.458487067355
-0.447188359679
-0.392222711059
0.278953906668
0.155852827679
0.309882339565
-0.356290561072
0.446968096766
0.209378580411
0.283516897166
-0.418314267904
-0.324984106304
-0.326759981876
-0.101091949635
0.251820436693
-0.458811065087
-0.187375955695
0.308794453489
-0.119990635921
-0.21272932224
-0.293965267254
-0.139831289792
-0.209204932303
-0.18484625692
-0.230609247625
0.19976935171
0.183249780924
-0.131662865881
0.145429184287
