-13.8064428153
-11.9651919071
23.4286625173
18.2547453642
11.4279946696
-7.95517441655
7.89072689726
6.46249383166
-3.70159100692
5.55768428557
-1.62537640916
6.17135617485
-6.48901735539
-4.66161828517
5.18673192864
1.88783609708
-7.51751631415
-5.4106069665
2.82533594377
2.27812522191
1.89185905662
3.63022113052
-3.05242146619
-2.00602542665
1.54697746534
-1.79099745644
-1.26218253884
-5.85510383506
3.18401846348
-2.04762264294
1.28541992367
5.55217447689
-5.25482056524
1.11514715508
-3.95591008834
-4.08194358711
-2.01757965468
-1.9926191491
2.1839432973
3.66265041757
-3.55870849188
-2.32287605159
2.32559095845
1.7734720519
3.45259770851
-1.41735324706
1.70181392235
1.3236289643
-2.00820925911
2.72019144642
-1.31411968325
1.36860317753
-1.60677815033
1.24499402632
-1.28951967586
-0.624606469905
1.06655028649
2.0800892937
-1.46371585832
-0.937997915725
1.69174167437
1.60701099998
-2.20885987614
-1.25835714623
0.926731394205
-1.87459994452
5.03193190926
9.97263945593
-4.31208041099
4.15352315243
-0.905170824033
5.07482842024
2.14923513529
-2.09379548152
3.02272938209
1.07017350629
-2.32631876422
-2.82949568636
1.62952834176
1.88384958958
-1.37091834807
-1.60947427779
1.62106935653
-1.36574540147
0.784914043989
-0.903980734944
2.22330106147
2.56470970243
0.943027024749
0.793649389472
1.18924075664
-0.873214450571
1.98529395463
1.18069246623
-0.946353615549
0.706992918665
1.56313080042
-2.74916595956
0.772964884547
-1.95746813721
1.51026929066
-0.49236731403
1.13125116927
-1.05930455012
1.36563578029
-0.544483763443
1.52935540423
1.18872237156
-0.815154529312
1.30621075684
-0.735223684951
0.615627471717
0.771472218666
0.992176054222
-1.50765553723
-1.28620133301
-0.675438067671
-0.979978668741
0.665288028277
-0.614357720668
-0.332064290205
-0.674723687372
1.30615832366
0.840466102953
0.730364503807
0.813595925265
-0.837306090325
-0.664512176929
-0.454211431201
0.561279680287
1.27780383032
1.23984433087
-2.47642177303
1.38188453616
-1.28183640252
1.34949404151
-1.10196348595
-0.762474893459
0.77077320397
-0.759676450181
0.362007669364
-0.938677557913
-0.856271523577
-0.387620539532
-0.754994322217
0.507144929669
0.509426752572
-0.433314323482
0.661711058833
0.255486173448
-0.296026942599
-0.909388666785
-1.10279771419
0.381302838353
0.29972930647
-0.462803414448
0.38559288472
0.655155105572
-0.423629522764
0.463311700384
-0.185637210861
-0.722387086781
1.10186819588
-0.664308932483
-0.579028646861
0.576507897888
-0.155852024058
-0.327044939025
-0.315734633671
-0.356463579021
0.458292134474
-0.358016446136
-0.445177937214
0.458892809757
0.530341321538
0.302464291478
0.246004157544
0.324507378965
0.446422320135
-0.542816719491
0.397530593219
-0.205810381902
0.26879738906
-0.310203500435
0.23895283113
0.0727542190651
-0.208046340629
-0.509027936032
-0.335037771313
0.307512371527
0.2705549748
-0.289171604363
0.274848736055
-0.162921686646
-0.0974894260272
